! demo8(p).gr.dat : [1..401][1..14]
 +2.000E+001 +4.000E+001 +1.000E+000 +4.852E+008 -5.319E-003 +1.541E+003 +5.003E-001 +1.541E+003 +1.541E+004 +1.063E-001 +3.451E-006 +0.000E+000 +1.063E-001 +3.451E-006
 +1.980E+001 +3.980E+001 +1.000E+000 +4.390E+008 -4.812E-003 +1.395E+003 +4.952E-001 +1.394E+003 +1.394E+004 +9.620E-002 +3.451E-006 +0.000E+000 +9.620E-002 +3.451E-006
 +1.960E+001 +3.960E+001 +1.000E+000 +3.972E+008 -4.354E-003 +1.262E+003 +4.902E-001 +1.262E+003 +1.262E+004 +8.705E-002 +3.451E-006 +0.000E+000 +8.705E-002 +3.451E-006
 +1.940E+001 +3.940E+001 +1.000E+000 +3.594E+008 -3.940E-003 +1.142E+003 +4.852E-001 +1.142E+003 +1.142E+004 +7.876E-002 +3.451E-006 +0.000E+000 +7.876E-002 +3.451E-006
 +1.920E+001 +3.920E+001 +1.000E+000 +3.252E+008 -3.565E-003 +1.033E+003 +4.802E-001 +1.033E+003 +1.033E+004 +7.127E-002 +3.451E-006 +0.000E+000 +7.127E-002 +3.451E-006
 +1.900E+001 +3.900E+001 +1.000E+000 +2.943E+008 -3.226E-003 +9.351E+002 +4.752E-001 +9.346E+002 +9.346E+003 +6.449E-002 +3.451E-006 +0.000E+000 +6.449E-002 +3.451E-006
 +1.880E+001 +3.880E+001 +1.000E+000 +2.663E+008 -2.919E-003 +8.461E+002 +4.702E-001 +8.457E+002 +8.457E+003 +5.835E-002 +3.451E-006 +0.000E+000 +5.835E-002 +3.451E-006
 +1.860E+001 +3.860E+001 +1.000E+000 +2.409E+008 -2.641E-003 +7.657E+002 +4.652E-001 +7.652E+002 +7.652E+003 +5.280E-002 +3.451E-006 +0.000E+000 +5.280E-002 +3.451E-006
 +1.840E+001 +3.840E+001 +1.000E+000 +2.180E+008 -2.390E-003 +6.928E+002 +4.602E-001 +6.924E+002 +6.924E+003 +4.777E-002 +3.451E-006 +0.000E+000 +4.777E-002 +3.451E-006
 +1.820E+001 +3.820E+001 +1.000E+000 +1.973E+008 -2.162E-003 +6.269E+002 +4.552E-001 +6.265E+002 +6.265E+003 +4.323E-002 +3.451E-006 +0.000E+000 +4.323E-002 +3.451E-006
 +1.800E+001 +3.800E+001 +1.000E+000 +1.785E+008 -1.957E-003 +5.673E+002 +4.502E-001 +5.669E+002 +5.669E+003 +3.911E-002 +3.451E-006 +0.000E+000 +3.911E-002 +3.451E-006
 +1.780E+001 +3.780E+001 +1.000E+000 +1.615E+008 -1.770E-003 +5.134E+002 +4.452E-001 +5.129E+002 +5.129E+003 +3.539E-002 +3.451E-006 +0.000E+000 +3.539E-002 +3.451E-006
 +1.760E+001 +3.760E+001 +1.000E+000 +1.461E+008 -1.602E-003 +4.646E+002 +4.402E-001 +4.641E+002 +4.641E+003 +3.202E-002 +3.451E-006 +0.000E+000 +3.202E-002 +3.451E-006
 +1.740E+001 +3.740E+001 +1.000E+000 +1.322E+008 -1.449E-003 +4.204E+002 +4.352E-001 +4.200E+002 +4.200E+003 +2.898E-002 +3.451E-006 +0.000E+000 +2.898E-002 +3.451E-006
 +1.720E+001 +3.720E+001 +1.000E+000 +1.196E+008 -1.312E-003 +3.804E+002 +4.302E-001 +3.800E+002 +3.800E+003 +2.622E-002 +3.451E-006 +0.000E+000 +2.622E-002 +3.451E-006
 +1.700E+001 +3.700E+001 +1.000E+000 +1.083E+008 -1.187E-003 +3.442E+002 +4.252E-001 +3.438E+002 +3.438E+003 +2.372E-002 +3.451E-006 +0.000E+000 +2.372E-002 +3.451E-006
 +1.680E+001 +3.680E+001 +1.000E+000 +9.795E+007 -1.074E-003 +3.115E+002 +4.202E-001 +3.111E+002 +3.111E+003 +2.147E-002 +3.451E-006 +0.000E+000 +2.147E-002 +3.451E-006
 +1.660E+001 +3.660E+001 +1.000E+000 +8.863E+007 -9.716E-004 +2.819E+002 +4.152E-001 +2.815E+002 +2.815E+003 +1.942E-002 +3.451E-006 +0.000E+000 +1.942E-002 +3.451E-006
 +1.640E+001 +3.640E+001 +1.000E+000 +8.020E+007 -8.792E-004 +2.551E+002 +4.102E-001 +2.547E+002 +2.547E+003 +1.757E-002 +3.451E-006 +0.000E+000 +1.757E-002 +3.451E-006
 +1.620E+001 +3.620E+001 +1.000E+000 +7.257E+007 -7.955E-004 +2.309E+002 +4.052E-001 +2.305E+002 +2.305E+003 +1.590E-002 +3.451E-006 +0.000E+000 +1.590E-002 +3.451E-006
 +1.600E+001 +3.600E+001 +1.000E+000 +6.566E+007 -7.198E-004 +2.089E+002 +4.002E-001 +2.085E+002 +2.085E+003 +1.439E-002 +3.451E-006 +0.000E+000 +1.439E-002 +3.451E-006
 +1.580E+001 +3.580E+001 +1.000E+000 +5.941E+007 -6.513E-004 +1.891E+002 +3.952E-001 +1.887E+002 +1.887E+003 +1.302E-002 +3.451E-006 +0.000E+000 +1.302E-002 +3.451E-006
 +1.560E+001 +3.560E+001 +1.000E+000 +5.376E+007 -5.893E-004 +1.711E+002 +3.902E-001 +1.707E+002 +1.707E+003 +1.178E-002 +3.450E-006 +0.000E+000 +1.178E-002 +3.450E-006
 +1.540E+001 +3.540E+001 +1.000E+000 +4.864E+007 -5.332E-004 +1.549E+002 +3.852E-001 +1.545E+002 +1.545E+003 +1.066E-002 +3.450E-006 +0.000E+000 +1.066E-002 +3.450E-006
 +1.520E+001 +3.520E+001 +1.000E+000 +4.401E+007 -4.825E-004 +1.402E+002 +3.802E-001 +1.398E+002 +1.398E+003 +9.645E-003 +3.450E-006 +0.000E+000 +9.645E-003 +3.450E-006
 +1.500E+001 +3.500E+001 +1.000E+000 +3.982E+007 -4.366E-004 +1.269E+002 +3.752E-001 +1.265E+002 +1.265E+003 +8.727E-003 +3.450E-006 +0.000E+000 +8.727E-003 +3.450E-006
 +1.480E+001 +3.480E+001 +1.000E+000 +3.604E+007 -3.950E-004 +1.148E+002 +3.702E-001 +1.145E+002 +1.145E+003 +7.897E-003 +3.450E-006 +0.000E+000 +7.897E-003 +3.450E-006
 +1.460E+001 +3.460E+001 +1.000E+000 +3.261E+007 -3.574E-004 +1.039E+002 +3.652E-001 +1.036E+002 +1.036E+003 +7.145E-003 +3.450E-006 +0.000E+000 +7.145E-003 +3.450E-006
 +1.440E+001 +3.440E+001 +1.000E+000 +2.950E+007 -3.234E-004 +9.405E+001 +3.602E-001 +9.370E+001 +9.370E+002 +6.465E-003 +3.450E-006 +0.000E+000 +6.465E-003 +3.450E-006
 +1.420E+001 +3.420E+001 +1.000E+000 +2.670E+007 -2.926E-004 +8.513E+001 +3.552E-001 +8.479E+001 +8.479E+002 +5.850E-003 +3.449E-006 +0.000E+000 +5.850E-003 +3.449E-006
 +1.400E+001 +3.400E+001 +1.000E+000 +2.415E+007 -2.648E-004 +7.706E+001 +3.502E-001 +7.672E+001 +7.672E+002 +5.293E-003 +3.449E-006 +0.000E+000 +5.293E-003 +3.449E-006
 +1.380E+001 +3.380E+001 +1.000E+000 +2.186E+007 -2.396E-004 +6.975E+001 +3.452E-001 +6.942E+001 +6.942E+002 +4.790E-003 +3.449E-006 +0.000E+000 +4.790E-003 +3.449E-006
 +1.360E+001 +3.360E+001 +1.000E+000 +1.978E+007 -2.168E-004 +6.314E+001 +3.402E-001 +6.281E+001 +6.281E+002 +4.334E-003 +3.449E-006 +0.000E+000 +4.334E-003 +3.449E-006
 +1.340E+001 +3.340E+001 +1.000E+000 +1.789E+007 -1.962E-004 +5.716E+001 +3.352E-001 +5.683E+001 +5.683E+002 +3.921E-003 +3.448E-006 +0.000E+000 +3.921E-003 +3.448E-006
 +1.320E+001 +3.320E+001 +1.000E+000 +1.619E+007 -1.775E-004 +5.175E+001 +3.302E-001 +5.143E+001 +5.143E+002 +3.548E-003 +3.448E-006 +0.000E+000 +3.548E-003 +3.448E-006
 +1.300E+001 +3.300E+001 +1.000E+000 +1.465E+007 -1.606E-004 +4.685E+001 +3.252E-001 +4.653E+001 +4.653E+002 +3.211E-003 +3.448E-006 +0.000E+000 +3.211E-003 +3.448E-006
 +1.280E+001 +3.280E+001 +1.000E+000 +1.326E+007 -1.453E-004 +4.241E+001 +3.202E-001 +4.210E+001 +4.210E+002 +2.905E-003 +3.447E-006 +0.000E+000 +2.905E-003 +3.447E-006
 +1.260E+001 +3.260E+001 +1.000E+000 +1.199E+007 -1.315E-004 +3.840E+001 +3.152E-001 +3.810E+001 +3.810E+002 +2.629E-003 +3.447E-006 +0.000E+000 +2.629E-003 +3.447E-006
 +1.240E+001 +3.240E+001 +1.000E+000 +1.085E+007 -1.190E-004 +3.477E+001 +3.102E-001 +3.447E+001 +3.447E+002 +2.378E-003 +3.446E-006 +0.000E+000 +2.378E-003 +3.446E-006
 +1.220E+001 +3.220E+001 +1.000E+000 +9.820E+006 -1.077E-004 +3.149E+001 +3.052E-001 +3.119E+001 +3.119E+002 +2.152E-003 +3.446E-006 +0.000E+000 +2.152E-003 +3.446E-006
 +1.200E+001 +3.200E+001 +1.000E+000 +8.886E+006 -9.741E-005 +2.851E+001 +3.002E-001 +2.822E+001 +2.822E+002 +1.947E-003 +3.445E-006 +0.000E+000 +1.947E-003 +3.445E-006
 +1.180E+001 +3.180E+001 +1.000E+000 +8.040E+006 -8.814E-005 +2.582E+001 +2.951E-001 +2.554E+001 +2.554E+002 +1.762E-003 +3.445E-006 +0.000E+000 +1.762E-003 +3.445E-006
 +1.160E+001 +3.160E+001 +1.000E+000 +7.275E+006 -7.975E-005 +2.339E+001 +2.901E-001 +2.311E+001 +2.311E+002 +1.594E-003 +3.444E-006 +0.000E+000 +1.594E-003 +3.444E-006
 +1.140E+001 +3.140E+001 +1.000E+000 +6.583E+006 -7.216E-005 +2.118E+001 +2.851E-001 +2.091E+001 +2.091E+002 +1.443E-003 +3.443E-006 +0.000E+000 +1.443E-003 +3.443E-006
 +1.120E+001 +3.120E+001 +1.000E+000 +5.956E+006 -6.529E-005 +1.919E+001 +2.801E-001 +1.892E+001 +1.892E+002 +1.305E-003 +3.442E-006 +0.000E+000 +1.305E-003 +3.442E-006
 +1.100E+001 +3.100E+001 +1.000E+000 +5.389E+006 -5.908E-005 +1.738E+001 +2.751E-001 +1.712E+001 +1.712E+002 +1.181E-003 +3.441E-006 +0.000E+000 +1.181E-003 +3.441E-006
 +1.080E+001 +3.080E+001 +1.000E+000 +4.876E+006 -5.345E-005 +1.575E+001 +2.701E-001 +1.549E+001 +1.549E+002 +1.069E-003 +3.440E-006 +0.000E+000 +1.069E-003 +3.440E-006
 +1.060E+001 +3.060E+001 +1.000E+000 +4.412E+006 -4.837E-005 +1.427E+001 +2.651E-001 +1.401E+001 +1.401E+002 +9.671E-004 +3.439E-006 +0.000E+000 +9.671E-004 +3.439E-006
 +1.040E+001 +3.040E+001 +1.000E+000 +3.992E+006 -4.376E-005 +1.293E+001 +2.601E-001 +1.268E+001 +1.268E+002 +8.751E-004 +3.438E-006 +0.000E+000 +8.751E-004 +3.438E-006
 +1.020E+001 +3.020E+001 +1.000E+000 +3.612E+006 -3.960E-005 +1.172E+001 +2.551E-001 +1.147E+001 +1.147E+002 +7.918E-004 +3.437E-006 +0.000E+000 +7.918E-004 +3.437E-006
 +1.000E+001 +3.000E+001 +1.000E+000 +3.268E+006 -3.583E-005 +1.062E+001 +2.501E-001 +1.038E+001 +1.038E+002 +7.165E-004 +3.435E-006 +0.000E+000 +7.165E-004 +3.435E-006
 +9.800E+000 +2.980E+001 +1.000E+000 +2.957E+006 -3.242E-005 +9.627E+000 +2.451E-001 +9.392E+000 +9.392E+001 +6.484E-004 +3.433E-006 +0.000E+000 +6.484E-004 +3.433E-006
 +9.600E+000 +2.960E+001 +1.000E+000 +2.676E+006 -2.933E-005 +8.728E+000 +2.401E-001 +8.498E+000 +8.498E+001 +5.867E-004 +3.431E-006 +0.000E+000 +5.867E-004 +3.431E-006
 +9.400E+000 +2.940E+001 +1.000E+000 +2.421E+006 -2.654E-005 +7.914E+000 +2.351E-001 +7.688E+000 +7.688E+001 +5.309E-004 +3.429E-006 +0.000E+000 +5.309E-004 +3.429E-006
 +9.200E+000 +2.920E+001 +1.000E+000 +2.190E+006 -2.401E-005 +7.177E+000 +2.301E-001 +6.956E+000 +6.956E+001 +4.804E-004 +3.427E-006 +0.000E+000 +4.804E-004 +3.427E-006
 +9.000E+000 +2.900E+001 +1.000E+000 +1.982E+006 -2.172E-005 +6.509E+000 +2.251E-001 +6.294E+000 +6.294E+001 +4.347E-004 +3.424E-006 +0.000E+000 +4.347E-004 +3.424E-006
 +8.800E+000 +2.880E+001 +1.000E+000 +1.793E+006 -1.965E-005 +5.904E+000 +2.201E-001 +5.694E+000 +5.694E+001 +3.934E-004 +3.421E-006 +0.000E+000 +3.934E-004 +3.421E-006
 +8.600E+000 +2.860E+001 +1.000E+000 +1.622E+006 -1.778E-005 +5.357E+000 +2.151E-001 +5.151E+000 +5.151E+001 +3.560E-004 +3.418E-006 +0.000E+000 +3.560E-004 +3.418E-006
 +8.400E+000 +2.840E+001 +1.000E+000 +1.467E+006 -1.609E-005 +4.861E+000 +2.101E-001 +4.660E+000 +4.660E+001 +3.222E-004 +3.415E-006 +0.000E+000 +3.222E-004 +3.415E-006
 +8.200E+000 +2.820E+001 +1.000E+000 +1.327E+006 -1.455E-005 +4.411E+000 +2.051E-001 +4.216E+000 +4.216E+001 +2.915E-004 +3.411E-006 +0.000E+000 +2.915E-004 +3.411E-006
 +8.000E+000 +2.800E+001 +1.000E+000 +1.201E+006 -1.316E-005 +4.004E+000 +2.001E-001 +3.814E+000 +3.814E+001 +2.638E-004 +3.407E-006 +0.000E+000 +2.638E-004 +3.407E-006
 +7.800E+000 +2.780E+001 +1.000E+000 +1.086E+006 -1.191E-005 +3.635E+000 +1.951E-001 +3.450E+000 +3.450E+001 +2.388E-004 +3.402E-006 +0.000E+000 +2.388E-004 +3.402E-006
 +7.600E+000 +2.760E+001 +1.000E+000 +9.825E+005 -1.077E-005 +3.301E+000 +1.901E-001 +3.121E+000 +3.121E+001 +2.161E-004 +3.397E-006 +0.000E+000 +2.161E-004 +3.397E-006
 +7.400E+000 +2.740E+001 +1.000E+000 +8.886E+005 -9.741E-006 +2.998E+000 +1.851E-001 +2.822E+000 +2.822E+001 +1.956E-004 +3.392E-006 +0.000E+000 +1.956E-004 +3.392E-006
 +7.200E+000 +2.720E+001 +1.000E+000 +8.037E+005 -8.810E-006 +2.723E+000 +1.801E-001 +2.553E+000 +2.553E+001 +1.771E-004 +3.386E-006 +0.000E+000 +1.771E-004 +3.386E-006
 +7.000E+000 +2.700E+001 +1.000E+000 +7.268E+005 -7.967E-006 +2.474E+000 +1.751E-001 +2.308E+000 +2.308E+001 +1.603E-004 +3.379E-006 +0.000E+000 +1.603E-004 +3.379E-006
 +6.800E+000 +2.680E+001 +1.000E+000 +6.571E+005 -7.204E-006 +2.247E+000 +1.701E-001 +2.087E+000 +2.087E+001 +1.451E-004 +3.371E-006 +0.000E+000 +1.451E-004 +3.371E-006
 +6.600E+000 +2.660E+001 +1.000E+000 +5.941E+005 -6.513E-006 +2.042E+000 +1.651E-001 +1.887E+000 +1.887E+001 +1.314E-004 +3.363E-006 +0.000E+000 +1.314E-004 +3.363E-006
 +6.400E+000 +2.640E+001 +1.000E+000 +5.370E+005 -5.887E-006 +1.856E+000 +1.601E-001 +1.706E+000 +1.706E+001 +1.190E-004 +3.354E-006 +0.000E+000 +1.190E-004 +3.354E-006
 +6.200E+000 +2.620E+001 +1.000E+000 +4.854E+005 -5.321E-006 +1.687E+000 +1.551E-001 +1.542E+000 +1.542E+001 +1.077E-004 +3.344E-006 +0.000E+000 +1.077E-004 +3.344E-006
 +6.000E+000 +2.600E+001 +1.000E+000 +4.386E+005 -4.808E-006 +1.533E+000 +1.501E-001 +1.393E+000 +1.393E+001 +9.756E-005 +3.334E-006 +0.000E+000 +9.756E-005 +3.334E-006
 +5.800E+000 +2.580E+001 +1.000E+000 +3.962E+005 -4.343E-006 +1.394E+000 +1.451E-001 +1.258E+000 +1.258E+001 +8.837E-005 +3.322E-006 +0.000E+000 +8.837E-005 +3.322E-006
 +5.600E+000 +2.560E+001 +1.000E+000 +3.578E+005 -3.922E-006 +1.267E+000 +1.401E-001 +1.136E+000 +1.136E+001 +8.007E-005 +3.309E-006 +0.000E+000 +8.007E-005 +3.309E-006
 +5.400E+000 +2.540E+001 +1.000E+000 +3.230E+005 -3.541E-006 +1.151E+000 +1.351E-001 +1.026E+000 +1.026E+001 +7.255E-005 +3.295E-006 +0.000E+000 +7.255E-005 +3.295E-006
 +5.200E+000 +2.520E+001 +1.000E+000 +2.914E+005 -3.195E-006 +1.046E+000 +1.301E-001 +9.257E-001 +9.257E+000 +6.576E-005 +3.279E-006 +0.000E+000 +6.576E-005 +3.279E-006
 +5.000E+000 +2.500E+001 +1.000E+000 +2.629E+005 -2.882E-006 +9.502E-001 +1.251E-001 +8.349E-001 +8.349E+000 +5.962E-005 +3.263E-006 +0.000E+000 +5.962E-005 +3.263E-006
 +4.800E+000 +2.480E+001 +1.000E+000 +2.369E+005 -2.597E-006 +8.628E-001 +1.201E-001 +7.525E-001 +7.525E+000 +5.408E-005 +3.244E-006 +0.000E+000 +5.408E-005 +3.244E-006
 +4.600E+000 +2.460E+001 +1.000E+000 +2.134E+005 -2.340E-006 +7.832E-001 +1.151E-001 +6.779E-001 +6.779E+000 +4.906E-005 +3.225E-006 +0.000E+000 +4.906E-005 +3.225E-006
 +4.400E+000 +2.440E+001 +1.000E+000 +1.921E+005 -2.106E-006 +7.104E-001 +1.101E-001 +6.101E-001 +6.101E+000 +4.453E-005 +3.203E-006 +0.000E+000 +4.453E-005 +3.203E-006
 +4.200E+000 +2.420E+001 +1.000E+000 +1.727E+005 -1.893E-006 +6.439E-001 +1.051E-001 +5.486E-001 +5.486E+000 +4.043E-005 +3.180E-006 +0.000E+000 +4.043E-005 +3.180E-006
 +4.000E+000 +2.400E+001 +1.000E+000 +1.551E+005 -1.701E-006 +5.830E-001 +1.001E-001 +4.927E-001 +4.927E+000 +3.674E-005 +3.155E-006 +0.000E+000 +3.674E-005 +3.155E-006
 +3.800E+000 +2.380E+001 +1.000E+000 +1.391E+005 -1.525E-006 +5.272E-001 +9.505E-002 +4.419E-001 +4.419E+000 +3.339E-005 +3.128E-006 +0.000E+000 +3.339E-005 +3.128E-006
 +3.600E+000 +2.360E+001 +1.000E+000 +1.246E+005 -1.366E-006 +4.760E-001 +9.004E-002 +3.957E-001 +3.957E+000 +3.038E-005 +3.099E-006 +0.000E+000 +3.038E-005 +3.099E-006
 +3.400E+000 +2.340E+001 +1.000E+000 +1.114E+005 -1.221E-006 +4.290E-001 +8.504E-002 +3.537E-001 +3.537E+000 +2.765E-005 +3.068E-006 +0.000E+000 +2.765E-005 +3.068E-006
 +3.200E+000 +2.320E+001 +1.000E+000 +9.932E+004 -1.089E-006 +3.857E-001 +8.004E-002 +3.155E-001 +3.155E+000 +2.519E-005 +3.036E-006 +0.000E+000 +2.519E-005 +3.036E-006
 +3.000E+000 +2.300E+001 +1.000E+000 +8.834E+004 -9.684E-007 +3.459E-001 +7.504E-002 +2.806E-001 +2.806E+000 +2.297E-005 +3.001E-006 +0.000E+000 +2.297E-005 +3.001E-006
 +2.800E+000 +2.280E+001 +1.000E+000 +7.833E+004 -8.586E-007 +3.091E-001 +7.004E-002 +2.488E-001 +2.488E+000 +2.096E-005 +2.964E-006 +0.000E+000 +2.096E-005 +2.964E-006
 +2.600E+000 +2.260E+001 +1.000E+000 +6.918E+004 -7.584E-007 +2.750E-001 +6.503E-002 +2.197E-001 +2.197E+000 +1.916E-005 +2.925E-006 +0.000E+000 +1.916E-005 +2.925E-006
 +2.400E+000 +2.240E+001 +1.000E+000 +6.082E+004 -6.667E-007 +2.434E-001 +6.003E-002 +1.932E-001 +1.932E+000 +1.752E-005 +2.884E-006 +0.000E+000 +1.752E-005 +2.884E-006
 +2.200E+000 +2.220E+001 +1.000E+000 +5.316E+004 -5.828E-007 +2.141E-001 +5.503E-002 +1.688E-001 +1.688E+000 +1.605E-005 +2.841E-006 +0.000E+000 +1.605E-005 +2.841E-006
 +2.000E+000 +2.200E+001 +1.000E+000 +4.615E+004 -5.059E-007 +1.868E-001 +5.003E-002 +1.466E-001 +1.466E+000 +1.472E-005 +2.796E-006 +0.000E+000 +1.472E-005 +2.796E-006
 +1.800E+000 +2.180E+001 +1.000E+000 +3.971E+004 -4.353E-007 +1.614E-001 +4.502E-002 +1.261E-001 +1.261E+000 +1.352E-005 +2.750E-006 +0.000E+000 +1.352E-005 +2.750E-006
 +1.600E+000 +2.160E+001 +1.000E+000 +3.379E+004 -3.704E-007 +1.376E-001 +4.002E-002 +1.073E-001 +1.073E+000 +1.244E-005 +2.702E-006 +0.000E+000 +1.244E-005 +2.702E-006
 +1.400E+000 +2.140E+001 +1.000E+000 +2.834E+004 -3.107E-007 +1.153E-001 +3.502E-002 +9.001E-002 +9.001E-001 +1.146E-005 +2.653E-006 +0.000E+000 +1.146E-005 +2.653E-006
 +1.200E+000 +2.120E+001 +1.000E+000 +2.331E+004 -2.556E-007 +9.431E-002 +3.001E-002 +7.404E-002 +7.404E-001 +1.058E-005 +2.603E-006 +0.000E+000 +1.058E-005 +2.603E-006
 +1.000E+000 +2.100E+001 +1.000E+000 +1.867E+004 -2.046E-007 +7.455E-002 +2.501E-002 +5.929E-002 +5.929E-001 +9.786E-006 +2.552E-006 +0.000E+000 +9.786E-006 +2.552E-006
 +8.000E-001 +2.080E+001 +1.000E+000 +1.437E+004 -1.575E-007 +5.590E-002 +2.001E-002 +4.564E-002 +4.564E-001 +9.068E-006 +2.500E-006 +0.000E+000 +9.068E-006 +2.500E-006
 +6.000E-001 +2.060E+001 +1.000E+000 +1.038E+004 -1.138E-007 +3.823E-002 +1.501E-002 +3.297E-002 +3.297E-001 +8.420E-006 +2.448E-006 +0.000E+000 +8.420E-006 +2.448E-006
 +4.000E-001 +2.040E+001 +1.000E+000 +6.675E+003 -7.317E-008 +2.145E-002 +1.000E-002 +2.120E-002 +2.120E-001 +7.834E-006 +2.396E-006 +0.000E+000 +7.834E-006 +2.396E-006
 +2.000E-001 +2.020E+001 +1.000E+000 +3.222E+003 -3.533E-008 +5.488E-003 +5.002E-003 +1.023E-002 +1.023E-001 +7.305E-006 +2.344E-006 +0.000E+000 +7.305E-006 +2.344E-006
 +4.336E-006 +2.000E+001 +1.000E+000 +6.753E-002 -7.403E-013 -9.749E-003 +1.085E-007 +2.145E-007 +2.145E-006 +6.827E-006 +2.292E-006 +0.000E+000 +6.827E-006 +2.292E-006
 -2.000E-001 +1.980E+001 -1.000E+000 +3.015E+003 +3.305E-008 -2.433E-002 -5.003E-003 -9.575E-003 -9.575E-002 +6.393E-006 +2.241E-006 +0.000E+000 +6.393E-006 +2.241E-006
 -4.000E-001 +1.960E+001 -1.000E+000 +5.841E+003 +6.403E-008 -3.831E-002 -1.001E-002 -1.855E-002 -1.855E-001 +6.001E-006 +2.191E-006 +0.000E+000 +6.001E-006 +2.191E-006
 -6.000E-001 +1.940E+001 -1.000E+000 +8.497E+003 +9.315E-008 -5.174E-002 -1.501E-002 -2.699E-002 -2.699E-001 +5.646E-006 +2.142E-006 +0.000E+000 +5.646E-006 +2.142E-006
 -8.000E-001 +1.920E+001 -1.000E+000 +1.100E+004 +1.206E-007 -6.469E-002 -2.001E-002 -3.493E-002 -3.493E-001 +5.323E-006 +2.094E-006 +0.000E+000 +5.323E-006 +2.094E-006
 -1.000E+000 +1.900E+001 -1.000E+000 +1.336E+004 +1.465E-007 -7.719E-002 -2.501E-002 -4.243E-002 -4.243E-001 +5.030E-006 +2.047E-006 +0.000E+000 +5.030E-006 +2.047E-006
 -1.200E+000 +1.880E+001 -1.000E+000 +1.559E+004 +1.709E-007 -8.929E-002 -3.002E-002 -4.953E-002 -4.953E-001 +4.764E-006 +2.002E-006 +0.000E+000 +4.764E-006 +2.002E-006
 -1.400E+000 +1.860E+001 -1.000E+000 +1.771E+004 +1.942E-007 -1.010E-001 -3.502E-002 -5.625E-002 -5.625E-001 +4.522E-006 +1.958E-006 +0.000E+000 +4.522E-006 +1.958E-006
 -1.600E+000 +1.840E+001 -1.000E+000 +1.972E+004 +2.162E-007 -1.124E-001 -4.002E-002 -6.265E-002 -6.265E-001 +4.302E-006 +1.915E-006 +0.000E+000 +4.302E-006 +1.915E-006
 -1.800E+000 +1.820E+001 -1.000E+000 +2.164E+004 +2.372E-007 -1.235E-001 -4.502E-002 -6.873E-002 -6.873E-001 +4.101E-006 +1.874E-006 +0.000E+000 +4.101E-006 +1.874E-006
 -2.000E+000 +1.800E+001 -1.000E+000 +2.347E+004 +2.573E-007 -1.343E-001 -5.003E-002 -7.454E-002 -7.454E-001 +3.917E-006 +1.835E-006 +0.000E+000 +3.917E-006 +1.835E-006
 -2.200E+000 +1.780E+001 -1.000E+000 +2.522E+004 +2.765E-007 -1.449E-001 -5.503E-002 -8.010E-002 -8.010E-001 +3.749E-006 +1.797E-006 +0.000E+000 +3.749E-006 +1.797E-006
 -2.400E+000 +1.760E+001 -1.000E+000 +2.689E+004 +2.948E-007 -1.552E-001 -6.003E-002 -8.542E-002 -8.542E-001 +3.595E-006 +1.761E-006 +0.000E+000 +3.595E-006 +1.761E-006
 -2.600E+000 +1.740E+001 -1.000E+000 +2.850E+004 +3.124E-007 -1.653E-001 -6.503E-002 -9.052E-002 -9.052E-001 +3.453E-006 +1.726E-006 +0.000E+000 +3.453E-006 +1.726E-006
 -2.800E+000 +1.720E+001 -1.000E+000 +3.005E+004 +3.294E-007 -1.752E-001 -7.004E-002 -9.543E-002 -9.543E-001 +3.323E-006 +1.693E-006 +0.000E+000 +3.323E-006 +1.693E-006
 -3.000E+000 +1.700E+001 -1.000E+000 +3.154E+004 +3.457E-007 -1.849E-001 -7.504E-002 -1.002E-001 -1.002E+000 +3.204E-006 +1.661E-006 +0.000E+000 +3.204E-006 +1.661E-006
 -3.200E+000 +1.680E+001 -1.000E+000 +3.297E+004 +3.614E-007 -1.945E-001 -8.004E-002 -1.047E-001 -1.047E+000 +3.093E-006 +1.631E-006 +0.000E+000 +3.093E-006 +1.631E-006
 -3.400E+000 +1.660E+001 -1.000E+000 +3.436E+004 +3.767E-007 -2.039E-001 -8.504E-002 -1.091E-001 -1.091E+000 +2.991E-006 +1.602E-006 +0.000E+000 +2.991E-006 +1.602E-006
 -3.600E+000 +1.640E+001 -1.000E+000 +3.570E+004 +3.914E-007 -2.132E-001 -9.005E-002 -1.134E-001 -1.134E+000 +2.897E-006 +1.575E-006 +0.000E+000 +2.897E-006 +1.575E-006
 -3.800E+000 +1.620E+001 -1.000E+000 +3.700E+004 +4.057E-007 -2.223E-001 -9.505E-002 -1.175E-001 -1.175E+000 +2.809E-006 +1.549E-006 +0.000E+000 +2.809E-006 +1.549E-006
 -4.000E+000 +1.600E+001 -1.000E+000 +3.827E+004 +4.195E-007 -2.313E-001 -1.001E-001 -1.215E-001 -1.215E+000 +2.727E-006 +1.524E-006 +0.000E+000 +2.727E-006 +1.524E-006
 -4.200E+000 +1.580E+001 -1.000E+000 +3.949E+004 +4.330E-007 -2.402E-001 -1.051E-001 -1.254E-001 -1.254E+000 +2.652E-006 +1.500E-006 +0.000E+000 +2.652E-006 +1.500E-006
 -4.400E+000 +1.560E+001 -1.000E+000 +4.069E+004 +4.460E-007 -2.490E-001 -1.101E-001 -1.292E-001 -1.292E+000 +2.581E-006 +1.477E-006 +0.000E+000 +2.581E-006 +1.477E-006
 -4.600E+000 +1.540E+001 -1.000E+000 +4.185E+004 +4.588E-007 -2.577E-001 -1.151E-001 -1.329E-001 -1.329E+000 +2.515E-006 +1.455E-006 +0.000E+000 +2.515E-006 +1.455E-006
 -4.800E+000 +1.520E+001 -1.000E+000 +4.298E+004 +4.712E-007 -2.663E-001 -1.201E-001 -1.365E-001 -1.365E+000 +2.453E-006 +1.434E-006 +0.000E+000 +2.453E-006 +1.434E-006
 -5.000E+000 +1.500E+001 -1.000E+000 +4.409E+004 +4.833E-007 -2.748E-001 -1.251E-001 -1.400E-001 -1.400E+000 +2.395E-006 +1.414E-006 +0.000E+000 +2.395E-006 +1.414E-006
 -5.200E+000 +1.480E+001 -1.000E+000 +4.517E+004 +4.952E-007 -2.833E-001 -1.301E-001 -1.435E-001 -1.435E+000 +2.341E-006 +1.395E-006 +0.000E+000 +2.341E-006 +1.395E-006
 -5.400E+000 +1.460E+001 -1.000E+000 +4.623E+004 +5.068E-007 -2.916E-001 -1.351E-001 -1.468E-001 -1.468E+000 +2.290E-006 +1.376E-006 +0.000E+000 +2.290E-006 +1.376E-006
 -5.600E+000 +1.440E+001 -1.000E+000 +4.726E+004 +5.181E-007 -2.999E-001 -1.401E-001 -1.501E-001 -1.501E+000 +2.241E-006 +1.359E-006 +0.000E+000 +2.241E-006 +1.359E-006
 -5.800E+000 +1.420E+001 -1.000E+000 +4.827E+004 +5.292E-007 -3.081E-001 -1.451E-001 -1.533E-001 -1.533E+000 +2.196E-006 +1.342E-006 +0.000E+000 +2.196E-006 +1.342E-006
 -6.000E+000 +1.400E+001 -1.000E+000 +4.927E+004 +5.401E-007 -3.163E-001 -1.501E-001 -1.565E-001 -1.565E+000 +2.153E-006 +1.326E-006 +0.000E+000 +2.153E-006 +1.326E-006
 -6.200E+000 +1.380E+001 -1.000E+000 +5.024E+004 +5.507E-007 -3.244E-001 -1.551E-001 -1.596E-001 -1.596E+000 +2.112E-006 +1.310E-006 +0.000E+000 +2.112E-006 +1.310E-006
 -6.400E+000 +1.360E+001 -1.000E+000 +5.119E+004 +5.612E-007 -3.324E-001 -1.601E-001 -1.626E-001 -1.626E+000 +2.073E-006 +1.295E-006 +0.000E+000 +2.073E-006 +1.295E-006
 -6.600E+000 +1.340E+001 -1.000E+000 +5.213E+004 +5.715E-007 -3.404E-001 -1.651E-001 -1.656E-001 -1.656E+000 +2.037E-006 +1.281E-006 +0.000E+000 +2.037E-006 +1.281E-006
 -6.800E+000 +1.320E+001 -1.000E+000 +5.305E+004 +5.816E-007 -3.483E-001 -1.701E-001 -1.685E-001 -1.685E+000 +2.002E-006 +1.267E-006 +0.000E+000 +2.002E-006 +1.267E-006
 -7.000E+000 +1.300E+001 -1.000E+000 +5.396E+004 +5.915E-007 -3.562E-001 -1.751E-001 -1.714E-001 -1.714E+000 +1.969E-006 +1.254E-006 +0.000E+000 +1.969E-006 +1.254E-006
 -7.200E+000 +1.280E+001 -1.000E+000 +5.485E+004 +6.013E-007 -3.640E-001 -1.801E-001 -1.742E-001 -1.742E+000 +1.937E-006 +1.241E-006 +0.000E+000 +1.937E-006 +1.241E-006
 -7.400E+000 +1.260E+001 -1.000E+000 +5.573E+004 +6.109E-007 -3.718E-001 -1.851E-001 -1.770E-001 -1.770E+000 +1.907E-006 +1.228E-006 +0.000E+000 +1.907E-006 +1.228E-006
 -7.600E+000 +1.240E+001 -1.000E+000 +5.659E+004 +6.204E-007 -3.796E-001 -1.901E-001 -1.797E-001 -1.797E+000 +1.878E-006 +1.216E-006 +0.000E+000 +1.878E-006 +1.216E-006
 -7.800E+000 +1.220E+001 -1.000E+000 +5.744E+004 +6.297E-007 -3.873E-001 -1.951E-001 -1.824E-001 -1.824E+000 +1.850E-006 +1.205E-006 +0.000E+000 +1.850E-006 +1.205E-006
 -8.000E+000 +1.200E+001 -1.000E+000 +5.828E+004 +6.389E-007 -3.949E-001 -2.001E-001 -1.851E-001 -1.851E+000 +1.824E-006 +1.193E-006 +0.000E+000 +1.824E-006 +1.193E-006
 -8.200E+000 +1.180E+001 -1.000E+000 +5.910E+004 +6.479E-007 -4.026E-001 -2.051E-001 -1.877E-001 -1.877E+000 +1.798E-006 +1.182E-006 +0.000E+000 +1.798E-006 +1.182E-006
 -8.400E+000 +1.160E+001 -1.000E+000 +5.992E+004 +6.569E-007 -4.102E-001 -2.101E-001 -1.903E-001 -1.903E+000 +1.774E-006 +1.172E-006 +0.000E+000 +1.774E-006 +1.172E-006
 -8.600E+000 +1.140E+001 -1.000E+000 +6.072E+004 +6.657E-007 -4.177E-001 -2.151E-001 -1.929E-001 -1.929E+000 +1.751E-006 +1.161E-006 +0.000E+000 +1.751E-006 +1.161E-006
 -8.800E+000 +1.120E+001 -1.000E+000 +6.152E+004 +6.744E-007 -4.252E-001 -2.201E-001 -1.954E-001 -1.954E+000 +1.728E-006 +1.152E-006 +0.000E+000 +1.728E-006 +1.152E-006
 -9.000E+000 +1.100E+001 -1.000E+000 +6.230E+004 +6.830E-007 -4.327E-001 -2.251E-001 -1.979E-001 -1.979E+000 +1.706E-006 +1.142E-006 +0.000E+000 +1.706E-006 +1.142E-006
 -9.200E+000 +1.080E+001 -1.000E+000 +6.308E+004 +6.914E-007 -4.402E-001 -2.301E-001 -2.003E-001 -2.003E+000 +1.685E-006 +1.132E-006 +0.000E+000 +1.685E-006 +1.132E-006
 -9.400E+000 +1.060E+001 -1.000E+000 +6.384E+004 +6.998E-007 -4.476E-001 -2.351E-001 -2.028E-001 -2.028E+000 +1.665E-006 +1.123E-006 +0.000E+000 +1.665E-006 +1.123E-006
 -9.600E+000 +1.040E+001 -1.000E+000 +6.460E+004 +7.081E-007 -4.550E-001 -2.401E-001 -2.052E-001 -2.052E+000 +1.646E-006 +1.114E-006 +0.000E+000 +1.646E-006 +1.114E-006
 -9.800E+000 +1.020E+001 -1.000E+000 +6.534E+004 +7.163E-007 -4.624E-001 -2.451E-001 -2.075E-001 -2.075E+000 +1.627E-006 +1.106E-006 +0.000E+000 +1.627E-006 +1.106E-006
 -1.000E+001 +1.000E+001 -1.000E+000 +6.608E+004 +7.244E-007 -4.698E-001 -2.501E-001 -2.099E-001 -2.099E+000 +1.609E-006 +1.097E-006 +0.000E+000 +1.609E-006 +1.097E-006
 -1.020E+001 +9.800E+000 -1.000E+000 +6.681E+004 +7.324E-007 -4.771E-001 -2.551E-001 -2.122E-001 -2.122E+000 +1.591E-006 +1.089E-006 +0.000E+000 +1.591E-006 +1.089E-006
 -1.040E+001 +9.600E+000 -1.000E+000 +6.753E+004 +7.403E-007 -4.844E-001 -2.601E-001 -2.145E-001 -2.145E+000 +1.574E-006 +1.081E-006 +0.000E+000 +1.574E-006 +1.081E-006
 -1.060E+001 +9.400E+000 -1.000E+000 +6.825E+004 +7.481E-007 -4.916E-001 -2.651E-001 -2.168E-001 -2.168E+000 +1.558E-006 +1.073E-006 +0.000E+000 +1.558E-006 +1.073E-006
 -1.080E+001 +9.200E+000 -1.000E+000 +6.895E+004 +7.559E-007 -4.989E-001 -2.701E-001 -2.190E-001 -2.190E+000 +1.542E-006 +1.066E-006 +0.000E+000 +1.542E-006 +1.066E-006
 -1.100E+001 +9.000E+000 -1.000E+000 +6.965E+004 +7.636E-007 -5.061E-001 -2.751E-001 -2.212E-001 -2.212E+000 +1.526E-006 +1.058E-006 +0.000E+000 +1.526E-006 +1.058E-006
 -1.120E+001 +8.800E+000 -1.000E+000 +7.035E+004 +7.712E-007 -5.133E-001 -2.801E-001 -2.234E-001 -2.234E+000 +1.511E-006 +1.051E-006 +0.000E+000 +1.511E-006 +1.051E-006
 -1.140E+001 +8.600E+000 -1.000E+000 +7.103E+004 +7.787E-007 -5.205E-001 -2.851E-001 -2.256E-001 -2.256E+000 +1.497E-006 +1.044E-006 +0.000E+000 +1.497E-006 +1.044E-006
 -1.160E+001 +8.400E+000 -1.000E+000 +7.171E+004 +7.861E-007 -5.277E-001 -2.901E-001 -2.278E-001 -2.278E+000 +1.483E-006 +1.037E-006 +0.000E+000 +1.483E-006 +1.037E-006
 -1.180E+001 +8.200E+000 -1.000E+000 +7.239E+004 +7.935E-007 -5.348E-001 -2.951E-001 -2.299E-001 -2.299E+000 +1.469E-006 +1.030E-006 +0.000E+000 +1.469E-006 +1.030E-006
 -1.200E+001 +8.000E+000 -1.000E+000 +7.305E+004 +8.008E-007 -5.419E-001 -3.002E-001 -2.320E-001 -2.320E+000 +1.455E-006 +1.024E-006 +0.000E+000 +1.455E-006 +1.024E-006
 -1.220E+001 +7.800E+000 -1.000E+000 +7.372E+004 +8.081E-007 -5.490E-001 -3.052E-001 -2.341E-001 -2.341E+000 +1.442E-006 +1.017E-006 +0.000E+000 +1.442E-006 +1.017E-006
 -1.240E+001 +7.600E+000 -1.000E+000 +7.437E+004 +8.153E-007 -5.561E-001 -3.102E-001 -2.362E-001 -2.362E+000 +1.430E-006 +1.011E-006 +0.000E+000 +1.430E-006 +1.011E-006
 -1.260E+001 +7.400E+000 -1.000E+000 +7.502E+004 +8.224E-007 -5.632E-001 -3.152E-001 -2.383E-001 -2.383E+000 +1.417E-006 +1.005E-006 +0.000E+000 +1.417E-006 +1.005E-006
 -1.280E+001 +7.200E+000 -1.000E+000 +7.566E+004 +8.295E-007 -5.702E-001 -3.202E-001 -2.403E-001 -2.403E+000 +1.405E-006 +9.986E-007 +0.000E+000 +1.405E-006 +9.986E-007
 -1.300E+001 +7.000E+000 -1.000E+000 +7.630E+004 +8.365E-007 -5.773E-001 -3.252E-001 -2.423E-001 -2.423E+000 +1.393E-006 +9.926E-007 +0.000E+000 +1.393E-006 +9.926E-007
 -1.320E+001 +6.800E+000 -1.000E+000 +7.694E+004 +8.434E-007 -5.843E-001 -3.302E-001 -2.444E-001 -2.444E+000 +1.382E-006 +9.868E-007 +0.000E+000 +1.382E-006 +9.868E-007
 -1.340E+001 +6.600E+000 -1.000E+000 +7.756E+004 +8.503E-007 -5.913E-001 -3.352E-001 -2.464E-001 -2.464E+000 +1.371E-006 +9.811E-007 +0.000E+000 +1.371E-006 +9.811E-007
 -1.360E+001 +6.400E+000 -1.000E+000 +7.819E+004 +8.571E-007 -5.982E-001 -3.402E-001 -2.483E-001 -2.483E+000 +1.360E-006 +9.755E-007 +0.000E+000 +1.360E-006 +9.755E-007
 -1.380E+001 +6.200E+000 -1.000E+000 +7.880E+004 +8.639E-007 -6.052E-001 -3.452E-001 -2.503E-001 -2.503E+000 +1.349E-006 +9.700E-007 +0.000E+000 +1.349E-006 +9.700E-007
 -1.400E+001 +6.000E+000 -1.000E+000 +7.942E+004 +8.706E-007 -6.122E-001 -3.502E-001 -2.522E-001 -2.522E+000 +1.339E-006 +9.646E-007 +0.000E+000 +1.339E-006 +9.646E-007
 -1.420E+001 +5.800E+000 -1.000E+000 +8.003E+004 +8.773E-007 -6.191E-001 -3.552E-001 -2.542E-001 -2.542E+000 +1.329E-006 +9.593E-007 +0.000E+000 +1.329E-006 +9.593E-007
 -1.440E+001 +5.600E+000 -1.000E+000 +8.063E+004 +8.839E-007 -6.260E-001 -3.602E-001 -2.561E-001 -2.561E+000 +1.319E-006 +9.541E-007 +0.000E+000 +1.319E-006 +9.541E-007
 -1.460E+001 +5.400E+000 -1.000E+000 +8.123E+004 +8.905E-007 -6.329E-001 -3.652E-001 -2.580E-001 -2.580E+000 +1.309E-006 +9.490E-007 +0.000E+000 +1.309E-006 +9.490E-007
 -1.480E+001 +5.200E+000 -1.000E+000 +8.183E+004 +8.970E-007 -6.398E-001 -3.702E-001 -2.599E-001 -2.599E+000 +1.299E-006 +9.440E-007 +0.000E+000 +1.299E-006 +9.440E-007
 -1.500E+001 +5.000E+000 -1.000E+000 +8.242E+004 +9.035E-007 -6.467E-001 -3.752E-001 -2.618E-001 -2.618E+000 +1.290E-006 +9.390E-007 +0.000E+000 +1.290E-006 +9.390E-007
 -1.520E+001 +4.800E+000 -1.000E+000 +8.300E+004 +9.099E-007 -6.536E-001 -3.802E-001 -2.636E-001 -2.636E+000 +1.281E-006 +9.342E-007 +0.000E+000 +1.281E-006 +9.342E-007
 -1.540E+001 +4.600E+000 -1.000E+000 +8.359E+004 +9.163E-007 -6.604E-001 -3.852E-001 -2.655E-001 -2.655E+000 +1.272E-006 +9.295E-007 +0.000E+000 +1.272E-006 +9.295E-007
 -1.560E+001 +4.400E+000 -1.000E+000 +8.416E+004 +9.226E-007 -6.673E-001 -3.902E-001 -2.673E-001 -2.673E+000 +1.263E-006 +9.248E-007 +0.000E+000 +1.263E-006 +9.248E-007
 -1.580E+001 +4.200E+000 -1.000E+000 +8.474E+004 +9.289E-007 -6.741E-001 -3.952E-001 -2.691E-001 -2.691E+000 +1.255E-006 +9.202E-007 +0.000E+000 +1.255E-006 +9.202E-007
 -1.600E+001 +4.000E+000 -1.000E+000 +8.531E+004 +9.352E-007 -6.809E-001 -4.002E-001 -2.709E-001 -2.709E+000 +1.246E-006 +9.157E-007 +0.000E+000 +1.246E-006 +9.157E-007
 -1.620E+001 +3.800E+000 -1.000E+000 +8.588E+004 +9.414E-007 -6.877E-001 -4.052E-001 -2.727E-001 -2.727E+000 +1.238E-006 +9.112E-007 +0.000E+000 +1.238E-006 +9.112E-007
 -1.640E+001 +3.600E+000 -1.000E+000 +8.644E+004 +9.476E-007 -6.945E-001 -4.102E-001 -2.745E-001 -2.745E+000 +1.230E-006 +9.068E-007 +0.000E+000 +1.230E-006 +9.068E-007
 -1.660E+001 +3.400E+000 -1.000E+000 +8.700E+004 +9.537E-007 -7.013E-001 -4.152E-001 -2.763E-001 -2.763E+000 +1.222E-006 +9.025E-007 +0.000E+000 +1.222E-006 +9.025E-007
 -1.680E+001 +3.200E+000 -1.000E+000 +8.755E+004 +9.598E-007 -7.080E-001 -4.202E-001 -2.781E-001 -2.781E+000 +1.214E-006 +8.983E-007 +0.000E+000 +1.214E-006 +8.983E-007
 -1.700E+001 +3.000E+000 -1.000E+000 +8.811E+004 +9.659E-007 -7.148E-001 -4.252E-001 -2.798E-001 -2.798E+000 +1.207E-006 +8.941E-007 +0.000E+000 +1.207E-006 +8.941E-007
 -1.720E+001 +2.800E+000 -1.000E+000 +8.866E+004 +9.719E-007 -7.215E-001 -4.302E-001 -2.816E-001 -2.816E+000 +1.199E-006 +8.900E-007 +0.000E+000 +1.199E-006 +8.900E-007
 -1.740E+001 +2.600E+000 -1.000E+000 +8.920E+004 +9.778E-007 -7.283E-001 -4.352E-001 -2.833E-001 -2.833E+000 +1.192E-006 +8.860E-007 +0.000E+000 +1.192E-006 +8.860E-007
 -1.760E+001 +2.400E+000 -1.000E+000 +8.974E+004 +9.838E-007 -7.350E-001 -4.402E-001 -2.850E-001 -2.850E+000 +1.185E-006 +8.820E-007 +0.000E+000 +1.185E-006 +8.820E-007
 -1.780E+001 +2.200E+000 -1.000E+000 +9.028E+004 +9.897E-007 -7.417E-001 -4.452E-001 -2.867E-001 -2.867E+000 +1.178E-006 +8.780E-007 +0.000E+000 +1.178E-006 +8.780E-007
 -1.800E+001 +2.000E+000 -1.000E+000 +9.082E+004 +9.956E-007 -7.484E-001 -4.502E-001 -2.884E-001 -2.884E+000 +1.171E-006 +8.742E-007 +0.000E+000 +1.171E-006 +8.742E-007
 -1.820E+001 +1.800E+000 -1.000E+000 +9.135E+004 +1.001E-006 -7.551E-001 -4.552E-001 -2.901E-001 -2.901E+000 +1.164E-006 +8.704E-007 +0.000E+000 +1.164E-006 +8.704E-007
 -1.840E+001 +1.600E+000 -1.000E+000 +9.188E+004 +1.007E-006 -7.618E-001 -4.602E-001 -2.918E-001 -2.918E+000 +1.157E-006 +8.666E-007 +0.000E+000 +1.157E-006 +8.666E-007
 -1.860E+001 +1.400E+000 -1.000E+000 +9.241E+004 +1.013E-006 -7.685E-001 -4.652E-001 -2.935E-001 -2.935E+000 +1.151E-006 +8.629E-007 +0.000E+000 +1.151E-006 +8.629E-007
 -1.880E+001 +1.200E+000 -1.000E+000 +9.293E+004 +1.019E-006 -7.751E-001 -4.702E-001 -2.952E-001 -2.952E+000 +1.144E-006 +8.593E-007 +0.000E+000 +1.144E-006 +8.593E-007
 -1.900E+001 +1.000E+000 -1.000E+000 +9.345E+004 +1.024E-006 -7.818E-001 -4.752E-001 -2.968E-001 -2.968E+000 +1.138E-006 +8.557E-007 +0.000E+000 +1.138E-006 +8.557E-007
 -1.920E+001 +8.000E-001 -1.000E+000 +9.397E+004 +1.030E-006 -7.884E-001 -4.802E-001 -2.985E-001 -2.985E+000 +1.131E-006 +8.521E-007 +0.000E+000 +1.131E-006 +8.521E-007
 -1.940E+001 +6.000E-001 -1.000E+000 +9.448E+004 +1.036E-006 -7.951E-001 -4.852E-001 -3.001E-001 -3.001E+000 +1.125E-006 +8.486E-007 +0.000E+000 +1.125E-006 +8.486E-007
 -1.960E+001 +4.000E-001 -1.000E+000 +9.500E+004 +1.041E-006 -8.017E-001 -4.902E-001 -3.017E-001 -3.017E+000 +1.119E-006 +8.451E-007 +0.000E+000 +1.119E-006 +8.451E-007
 -1.980E+001 +2.000E-001 -1.000E+000 +9.551E+004 +1.047E-006 -8.083E-001 -4.952E-001 -3.033E-001 -3.033E+000 +1.113E-006 +8.417E-007 +0.000E+000 +1.113E-006 +8.417E-007
 -2.000E+001 +1.488E-005 -1.000E+000 +9.601E+004 +1.053E-006 -8.149E-001 -5.003E-001 -3.049E-001 -3.049E+000 +1.107E-006 +8.384E-007 +0.000E+000 +1.107E-006 +8.384E-007
 -2.020E+001 -2.000E-001 -1.000E+000 +9.652E+004 +1.058E-006 -8.215E-001 -5.053E-001 -3.065E-001 -3.065E+000 +1.102E-006 +8.351E-007 +9.953E-001 +1.102E-006 +8.351E-007
 -2.040E+001 -4.000E-001 -1.000E+000 +9.702E+004 +1.064E-006 -8.281E-001 -5.103E-001 -3.081E-001 -3.081E+000 +1.096E-006 +8.318E-007 +9.915E-001 +1.096E-006 +8.318E-007
 -2.060E+001 -6.000E-001 -1.000E+000 +9.752E+004 +1.069E-006 -8.347E-001 -5.153E-001 -3.097E-001 -3.097E+000 +1.090E-006 +8.285E-007 +9.884E-001 +1.090E-006 +8.285E-007
 -2.080E+001 -8.000E-001 -1.000E+000 +9.801E+004 +1.074E-006 -8.413E-001 -5.203E-001 -3.113E-001 -3.113E+000 +1.085E-006 +8.254E-007 +9.859E-001 +1.085E-006 +8.254E-007
 -2.100E+001 -1.000E+000 -1.000E+000 +9.851E+004 +1.080E-006 -8.479E-001 -5.253E-001 -3.129E-001 -3.129E+000 +1.079E-006 +8.222E-007 +9.839E-001 +1.079E-006 +8.222E-007
 -2.120E+001 -1.200E+000 -1.000E+000 +9.900E+004 +1.085E-006 -8.544E-001 -5.303E-001 -3.144E-001 -3.144E+000 +1.074E-006 +8.191E-007 +9.824E-001 +1.074E-006 +8.191E-007
 -2.140E+001 -1.400E+000 -1.000E+000 +9.949E+004 +1.091E-006 -8.610E-001 -5.353E-001 -3.160E-001 -3.160E+000 +1.069E-006 +8.160E-007 +9.811E-001 +1.069E-006 +8.160E-007
 -2.160E+001 -1.600E+000 -1.000E+000 +9.997E+004 +1.096E-006 -8.675E-001 -5.403E-001 -3.175E-001 -3.175E+000 +1.063E-006 +8.130E-007 +9.801E-001 +1.063E-006 +8.130E-007
 -2.180E+001 -1.800E+000 -1.000E+000 +1.005E+005 +1.101E-006 -8.741E-001 -5.453E-001 -3.191E-001 -3.191E+000 +1.058E-006 +8.100E-007 +9.794E-001 +1.058E-006 +8.100E-007
 -2.200E+001 -2.000E+000 -1.000E+000 +1.009E+005 +1.107E-006 -8.806E-001 -5.503E-001 -3.206E-001 -3.206E+000 +1.053E-006 +8.070E-007 +9.788E-001 +1.053E-006 +8.070E-007
 -2.220E+001 -2.200E+000 -1.000E+000 +1.014E+005 +1.112E-006 -8.871E-001 -5.553E-001 -3.221E-001 -3.221E+000 +1.048E-006 +8.041E-007 +9.783E-001 +1.048E-006 +8.041E-007
 -2.240E+001 -2.400E+000 -1.000E+000 +1.019E+005 +1.117E-006 -8.937E-001 -5.603E-001 -3.236E-001 -3.236E+000 +1.043E-006 +8.012E-007 +9.780E-001 +1.043E-006 +8.012E-007
 -2.260E+001 -2.600E+000 -1.000E+000 +1.024E+005 +1.122E-006 -9.002E-001 -5.653E-001 -3.251E-001 -3.251E+000 +1.039E-006 +7.983E-007 +9.778E-001 +1.039E-006 +7.983E-007
 -2.280E+001 -2.800E+000 -1.000E+000 +1.028E+005 +1.127E-006 -9.067E-001 -5.703E-001 -3.266E-001 -3.266E+000 +1.034E-006 +7.955E-007 +9.777E-001 +1.034E-006 +7.955E-007
 -2.300E+001 -3.000E+000 -1.000E+000 +1.033E+005 +1.133E-006 -9.132E-001 -5.753E-001 -3.281E-001 -3.281E+000 +1.029E-006 +7.927E-007 +9.776E-001 +1.029E-006 +7.927E-007
 -2.320E+001 -3.200E+000 -1.000E+000 +1.038E+005 +1.138E-006 -9.197E-001 -5.803E-001 -3.296E-001 -3.296E+000 +1.024E-006 +7.900E-007 +9.775E-001 +1.024E-006 +7.900E-007
 -2.340E+001 -3.400E+000 -1.000E+000 +1.042E+005 +1.143E-006 -9.261E-001 -5.853E-001 -3.311E-001 -3.311E+000 +1.020E-006 +7.872E-007 +9.775E-001 +1.020E-006 +7.872E-007
 -2.360E+001 -3.600E+000 -1.000E+000 +1.047E+005 +1.148E-006 -9.326E-001 -5.903E-001 -3.326E-001 -3.326E+000 +1.015E-006 +7.845E-007 +9.776E-001 +1.015E-006 +7.845E-007
 -2.380E+001 -3.800E+000 -1.000E+000 +1.052E+005 +1.153E-006 -9.391E-001 -5.953E-001 -3.340E-001 -3.340E+000 +1.011E-006 +7.819E-007 +9.777E-001 +1.011E-006 +7.819E-007
 -2.400E+001 -4.000E+000 -1.000E+000 +1.056E+005 +1.158E-006 -9.456E-001 -6.003E-001 -3.355E-001 -3.355E+000 +1.006E-006 +7.792E-007 +9.777E-001 +1.006E-006 +7.792E-007
 -2.420E+001 -4.200E+000 -1.000E+000 +1.061E+005 +1.163E-006 -9.520E-001 -6.053E-001 -3.370E-001 -3.370E+000 +1.002E-006 +7.766E-007 +9.779E-001 +1.002E-006 +7.766E-007
 -2.440E+001 -4.400E+000 -1.000E+000 +1.066E+005 +1.168E-006 -9.585E-001 -6.103E-001 -3.384E-001 -3.384E+000 +9.978E-007 +7.740E-007 +9.780E-001 +9.978E-007 +7.740E-007
 -2.460E+001 -4.600E+000 -1.000E+000 +1.070E+005 +1.173E-006 -9.649E-001 -6.153E-001 -3.399E-001 -3.399E+000 +9.936E-007 +7.715E-007 +9.781E-001 +9.936E-007 +7.715E-007
 -2.480E+001 -4.800E+000 -1.000E+000 +1.075E+005 +1.178E-006 -9.714E-001 -6.203E-001 -3.413E-001 -3.413E+000 +9.894E-007 +7.690E-007 +9.783E-001 +9.894E-007 +7.690E-007
 -2.500E+001 -5.000E+000 -1.000E+000 +1.079E+005 +1.183E-006 -9.778E-001 -6.253E-001 -3.427E-001 -3.427E+000 +9.853E-007 +7.665E-007 +9.784E-001 +9.853E-007 +7.665E-007
 -2.520E+001 -5.200E+000 -1.000E+000 +1.084E+005 +1.188E-006 -9.842E-001 -6.303E-001 -3.442E-001 -3.442E+000 +9.812E-007 +7.640E-007 +9.786E-001 +9.812E-007 +7.640E-007
 -2.540E+001 -5.400E+000 -1.000E+000 +1.088E+005 +1.193E-006 -9.906E-001 -6.353E-001 -3.456E-001 -3.456E+000 +9.772E-007 +7.616E-007 +9.787E-001 +9.772E-007 +7.616E-007
 -2.560E+001 -5.600E+000 -1.000E+000 +1.092E+005 +1.198E-006 -9.971E-001 -6.403E-001 -3.470E-001 -3.470E+000 +9.732E-007 +7.591E-007 +9.789E-001 +9.732E-007 +7.591E-007
 -2.580E+001 -5.800E+000 -1.000E+000 +1.097E+005 +1.202E-006 -1.003E+000 -6.453E-001 -3.484E-001 -3.484E+000 +9.693E-007 +7.567E-007 +9.790E-001 +9.693E-007 +7.567E-007
 -2.600E+001 -6.000E+000 -1.000E+000 +1.101E+005 +1.207E-006 -1.010E+000 -6.503E-001 -3.498E-001 -3.498E+000 +9.654E-007 +7.544E-007 +9.792E-001 +9.654E-007 +7.544E-007
 -2.620E+001 -6.200E+000 -1.000E+000 +1.106E+005 +1.212E-006 -1.016E+000 -6.553E-001 -3.512E-001 -3.512E+000 +9.615E-007 +7.520E-007 +9.793E-001 +9.615E-007 +7.520E-007
 -2.640E+001 -6.400E+000 -1.000E+000 +1.110E+005 +1.217E-006 -1.023E+000 -6.603E-001 -3.526E-001 -3.526E+000 +9.577E-007 +7.497E-007 +9.795E-001 +9.577E-007 +7.497E-007
 -2.660E+001 -6.600E+000 -1.000E+000 +1.114E+005 +1.222E-006 -1.029E+000 -6.653E-001 -3.540E-001 -3.540E+000 +9.540E-007 +7.474E-007 +9.797E-001 +9.540E-007 +7.474E-007
 -2.680E+001 -6.800E+000 -1.000E+000 +1.119E+005 +1.226E-006 -1.035E+000 -6.703E-001 -3.553E-001 -3.553E+000 +9.503E-007 +7.451E-007 +9.798E-001 +9.503E-007 +7.451E-007
 -2.700E+001 -7.000E+000 -1.000E+000 +1.123E+005 +1.231E-006 -1.042E+000 -6.753E-001 -3.567E-001 -3.567E+000 +9.466E-007 +7.429E-007 +9.800E-001 +9.466E-007 +7.429E-007
 -2.720E+001 -7.200E+000 -1.000E+000 +1.127E+005 +1.236E-006 -1.048E+000 -6.803E-001 -3.581E-001 -3.581E+000 +9.430E-007 +7.406E-007 +9.801E-001 +9.430E-007 +7.406E-007
 -2.740E+001 -7.400E+000 -1.000E+000 +1.132E+005 +1.241E-006 -1.055E+000 -6.853E-001 -3.595E-001 -3.595E+000 +9.394E-007 +7.384E-007 +9.803E-001 +9.394E-007 +7.384E-007
 -2.760E+001 -7.600E+000 -1.000E+000 +1.136E+005 +1.245E-006 -1.061E+000 -6.903E-001 -3.608E-001 -3.608E+000 +9.359E-007 +7.363E-007 +9.804E-001 +9.359E-007 +7.362E-007
 -2.780E+001 -7.800E+000 -1.000E+000 +1.140E+005 +1.250E-006 -1.067E+000 -6.953E-001 -3.622E-001 -3.622E+000 +9.324E-007 +7.341E-007 +9.806E-001 +9.324E-007 +7.341E-007
 -2.800E+001 -8.000E+000 -1.000E+000 +1.145E+005 +1.255E-006 -1.074E+000 -7.004E-001 -3.635E-001 -3.635E+000 +9.289E-007 +7.319E-007 +9.807E-001 +9.289E-007 +7.319E-007
 -2.820E+001 -8.200E+000 -1.000E+000 +1.149E+005 +1.259E-006 -1.080E+000 -7.054E-001 -3.649E-001 -3.649E+000 +9.255E-007 +7.298E-007 +9.809E-001 +9.255E-007 +7.298E-007
 -2.840E+001 -8.400E+000 -1.000E+000 +1.153E+005 +1.264E-006 -1.086E+000 -7.104E-001 -3.662E-001 -3.662E+000 +9.221E-007 +7.277E-007 +9.810E-001 +9.221E-007 +7.277E-007
 -2.860E+001 -8.600E+000 -1.000E+000 +1.157E+005 +1.269E-006 -1.093E+000 -7.154E-001 -3.675E-001 -3.675E+000 +9.188E-007 +7.256E-007 +9.812E-001 +9.188E-007 +7.256E-007
 -2.880E+001 -8.800E+000 -1.000E+000 +1.161E+005 +1.273E-006 -1.099E+000 -7.204E-001 -3.689E-001 -3.689E+000 +9.155E-007 +7.236E-007 +9.813E-001 +9.155E-007 +7.236E-007
 -2.900E+001 -9.000E+000 -1.000E+000 +1.166E+005 +1.278E-006 -1.105E+000 -7.254E-001 -3.702E-001 -3.702E+000 +9.122E-007 +7.215E-007 +9.814E-001 +9.122E-007 +7.215E-007
 -2.920E+001 -9.200E+000 -1.000E+000 +1.170E+005 +1.282E-006 -1.112E+000 -7.304E-001 -3.715E-001 -3.715E+000 +9.090E-007 +7.195E-007 +9.816E-001 +9.089E-007 +7.195E-007
 -2.940E+001 -9.400E+000 -1.000E+000 +1.174E+005 +1.287E-006 -1.118E+000 -7.354E-001 -3.728E-001 -3.728E+000 +9.058E-007 +7.175E-007 +9.817E-001 +9.057E-007 +7.175E-007
 -2.960E+001 -9.600E+000 -1.000E+000 +1.178E+005 +1.291E-006 -1.124E+000 -7.404E-001 -3.741E-001 -3.741E+000 +9.026E-007 +7.155E-007 +9.818E-001 +9.026E-007 +7.155E-007
 -2.980E+001 -9.800E+000 -1.000E+000 +1.182E+005 +1.296E-006 -1.131E+000 -7.454E-001 -3.754E-001 -3.754E+000 +8.995E-007 +7.135E-007 +9.820E-001 +8.994E-007 +7.135E-007
 -3.000E+001 -1.000E+001 -1.000E+000 +1.186E+005 +1.300E-006 -1.137E+000 -7.504E-001 -3.767E-001 -3.767E+000 +8.964E-007 +7.116E-007 +9.821E-001 +8.963E-007 +7.115E-007
 -3.020E+001 -1.020E+001 -1.000E+000 +1.190E+005 +1.305E-006 -1.143E+000 -7.554E-001 -3.780E-001 -3.780E+000 +8.933E-007 +7.096E-007 +9.822E-001 +8.932E-007 +7.096E-007
 -3.040E+001 -1.040E+001 -1.000E+000 +1.194E+005 +1.309E-006 -1.149E+000 -7.604E-001 -3.793E-001 -3.793E+000 +8.903E-007 +7.077E-007 +9.824E-001 +8.902E-007 +7.077E-007
 -3.060E+001 -1.060E+001 -1.000E+000 +1.198E+005 +1.314E-006 -1.156E+000 -7.654E-001 -3.806E-001 -3.806E+000 +8.873E-007 +7.058E-007 +9.825E-001 +8.872E-007 +7.058E-007
 -3.080E+001 -1.080E+001 -1.000E+000 +1.202E+005 +1.318E-006 -1.162E+000 -7.704E-001 -3.819E-001 -3.819E+000 +8.843E-007 +7.039E-007 +9.826E-001 +8.842E-007 +7.039E-007
 -3.100E+001 -1.100E+001 -1.000E+000 +1.206E+005 +1.323E-006 -1.168E+000 -7.754E-001 -3.832E-001 -3.832E+000 +8.814E-007 +7.021E-007 +9.827E-001 +8.813E-007 +7.020E-007
 -3.120E+001 -1.120E+001 -1.000E+000 +1.210E+005 +1.327E-006 -1.175E+000 -7.804E-001 -3.845E-001 -3.845E+000 +8.785E-007 +7.002E-007 +9.828E-001 +8.783E-007 +7.002E-007
 -3.140E+001 -1.140E+001 -1.000E+000 +1.214E+005 +1.331E-006 -1.181E+000 -7.854E-001 -3.857E-001 -3.857E+000 +8.756E-007 +6.984E-007 +9.830E-001 +8.754E-007 +6.983E-007
 -3.160E+001 -1.160E+001 -1.000E+000 +1.218E+005 +1.336E-006 -1.187E+000 -7.904E-001 -3.870E-001 -3.870E+000 +8.728E-007 +6.966E-007 +9.831E-001 +8.726E-007 +6.965E-007
 -3.180E+001 -1.180E+001 -1.000E+000 +1.222E+005 +1.340E-006 -1.193E+000 -7.954E-001 -3.883E-001 -3.883E+000 +8.700E-007 +6.948E-007 +9.832E-001 +8.697E-007 +6.947E-007
 -3.200E+001 -1.200E+001 -1.000E+000 +1.226E+005 +1.344E-006 -1.200E+000 -8.004E-001 -3.895E-001 -3.895E+000 +8.672E-007 +6.931E-007 +9.833E-001 +8.669E-007 +6.929E-007
 -3.220E+001 -1.220E+001 -1.000E+000 +1.230E+005 +1.349E-006 -1.206E+000 -8.054E-001 -3.908E-001 -3.908E+000 +8.645E-007 +6.913E-007 +9.834E-001 +8.641E-007 +6.911E-007
 -3.240E+001 -1.240E+001 -1.000E+000 +1.234E+005 +1.353E-006 -1.212E+000 -8.104E-001 -3.920E-001 -3.920E+000 +8.618E-007 +6.896E-007 +9.835E-001 +8.614E-007 +6.893E-007
 -3.260E+001 -1.260E+001 -1.000E+000 +1.238E+005 +1.357E-006 -1.218E+000 -8.154E-001 -3.933E-001 -3.933E+000 +8.592E-007 +6.879E-007 +9.836E-001 +8.587E-007 +6.876E-007
 -3.280E+001 -1.280E+001 -1.000E+000 +1.242E+005 +1.362E-006 -1.225E+000 -8.204E-001 -3.945E-001 -3.945E+000 +8.566E-007 +6.863E-007 +9.837E-001 +8.560E-007 +6.859E-007
 -3.300E+001 -1.300E+001 -1.000E+000 +1.246E+005 +1.366E-006 -1.231E+000 -8.254E-001 -3.958E-001 -3.958E+000 +8.540E-007 +6.846E-007 +9.838E-001 +8.533E-007 +6.841E-007
 -3.320E+001 -1.320E+001 -1.000E+000 +1.250E+005 +1.370E-006 -1.237E+000 -8.304E-001 -3.970E-001 -3.970E+000 +8.516E-007 +6.830E-007 +9.839E-001 +8.506E-007 +6.824E-007
 -3.340E+001 -1.340E+001 -1.000E+000 +1.254E+005 +1.374E-006 -1.243E+000 -8.354E-001 -3.982E-001 -3.982E+000 +8.491E-007 +6.815E-007 +9.841E-001 +8.480E-007 +6.807E-007
 -3.360E+001 -1.360E+001 -1.000E+000 +1.258E+005 +1.379E-006 -1.250E+000 -8.404E-001 -3.994E-001 -3.994E+000 +8.468E-007 +6.800E-007 +9.842E-001 +8.454E-007 +6.791E-007
 -3.380E+001 -1.380E+001 -1.000E+000 +1.262E+005 +1.383E-006 -1.256E+000 -8.454E-001 -4.007E-001 -4.007E+000 +8.445E-007 +6.785E-007 +9.843E-001 +8.428E-007 +6.774E-007
 -3.400E+001 -1.400E+001 -1.000E+000 +1.265E+005 +1.387E-006 -1.262E+000 -8.504E-001 -4.019E-001 -4.019E+000 +8.423E-007 +6.771E-007 +9.844E-001 +8.402E-007 +6.757E-007
 -3.420E+001 -1.420E+001 -1.000E+000 +1.269E+005 +1.391E-006 -1.268E+000 -8.554E-001 -4.031E-001 -4.031E+000 +8.402E-007 +6.757E-007 +9.844E-001 +8.377E-007 +6.741E-007
 -3.440E+001 -1.440E+001 -1.000E+000 +1.273E+005 +1.396E-006 -1.275E+000 -8.604E-001 -4.043E-001 -4.043E+000 +8.382E-007 +6.744E-007 +9.845E-001 +8.352E-007 +6.725E-007
 -3.460E+001 -1.460E+001 -1.000E+000 +1.277E+005 +1.400E-006 -1.281E+000 -8.654E-001 -4.055E-001 -4.055E+000 +8.364E-007 +6.733E-007 +9.846E-001 +8.327E-007 +6.709E-007
 -3.480E+001 -1.480E+001 -1.000E+000 +1.281E+005 +1.404E-006 -1.287E+000 -8.704E-001 -4.068E-001 -4.068E+000 +8.348E-007 +6.722E-007 +9.847E-001 +8.302E-007 +6.693E-007
 -3.500E+001 -1.500E+001 -1.000E+000 +1.284E+005 +1.408E-006 -1.293E+000 -8.754E-001 -4.080E-001 -4.080E+000 +8.333E-007 +6.712E-007 +9.848E-001 +8.278E-007 +6.677E-007
 -3.520E+001 -1.520E+001 -1.000E+000 +1.288E+005 +1.412E-006 -1.299E+000 -8.804E-001 -4.092E-001 -4.092E+000 +8.321E-007 +6.704E-007 +9.849E-001 +8.254E-007 +6.661E-007
 -3.540E+001 -1.540E+001 -1.000E+000 +1.292E+005 +1.416E-006 -1.306E+000 -8.854E-001 -4.104E-001 -4.104E+000 +8.311E-007 +6.698E-007 +9.850E-001 +8.230E-007 +6.645E-007
 -3.560E+001 -1.560E+001 -1.000E+000 +1.296E+005 +1.421E-006 -1.312E+000 -8.904E-001 -4.116E-001 -4.116E+000 +8.305E-007 +6.694E-007 +9.851E-001 +8.206E-007 +6.630E-007
 -3.580E+001 -1.580E+001 -1.000E+000 +1.300E+005 +1.425E-006 -1.318E+000 -8.954E-001 -4.128E-001 -4.128E+000 +8.303E-007 +6.693E-007 +9.852E-001 +8.182E-007 +6.614E-007
 -3.600E+001 -1.600E+001 -1.000E+000 +1.303E+005 +1.429E-006 -1.324E+000 -9.005E-001 -4.140E-001 -4.140E+000 +8.306E-007 +6.695E-007 +9.853E-001 +8.159E-007 +6.599E-007
 -3.620E+001 -1.620E+001 -1.000E+000 +1.307E+005 +1.433E-006 -1.330E+000 -9.055E-001 -4.152E-001 -4.152E+000 +8.315E-007 +6.701E-007 +9.854E-001 +8.136E-007 +6.584E-007
 -3.640E+001 -1.640E+001 -1.000E+000 +1.311E+005 +1.437E-006 -1.337E+000 -9.105E-001 -4.164E-001 -4.164E+000 +8.331E-007 +6.711E-007 +9.854E-001 +8.113E-007 +6.569E-007
 -3.660E+001 -1.660E+001 -1.000E+000 +1.315E+005 +1.441E-006 -1.343E+000 -9.155E-001 -4.176E-001 -4.176E+000 +8.356E-007 +6.727E-007 +9.855E-001 +8.090E-007 +6.554E-007
 -3.680E+001 -1.680E+001 -1.000E+000 +1.319E+005 +1.446E-006 -1.349E+000 -9.205E-001 -4.188E-001 -4.188E+000 +8.391E-007 +6.750E-007 +9.856E-001 +8.067E-007 +6.539E-007
 -3.700E+001 -1.700E+001 -1.000E+000 +1.323E+005 +1.450E-006 -1.355E+000 -9.255E-001 -4.200E-001 -4.200E+000 +8.439E-007 +6.781E-007 +9.857E-001 +8.045E-007 +6.524E-007
 -3.720E+001 -1.720E+001 -1.000E+000 +1.326E+005 +1.454E-006 -1.361E+000 -9.305E-001 -4.213E-001 -4.213E+000 +8.503E-007 +6.822E-007 +9.858E-001 +8.023E-007 +6.510E-007
 -3.740E+001 -1.740E+001 -1.000E+000 +1.330E+005 +1.458E-006 -1.368E+000 -9.355E-001 -4.225E-001 -4.225E+000 +8.586E-007 +6.876E-007 +9.859E-001 +8.001E-007 +6.495E-007
 -3.760E+001 -1.760E+001 -1.000E+000 +1.334E+005 +1.463E-006 -1.374E+000 -9.405E-001 -4.238E-001 -4.238E+000 +8.692E-007 +6.943E-007 +9.859E-001 +7.979E-007 +6.481E-007
 -3.780E+001 -1.780E+001 -1.000E+000 +1.338E+005 +1.467E-006 -1.380E+000 -9.455E-001 -4.250E-001 -4.250E+000 +8.825E-007 +7.028E-007 +9.860E-001 +7.957E-007 +6.466E-007
 -3.800E+001 -1.800E+001 -1.000E+000 +1.342E+005 +1.471E-006 -1.387E+000 -9.505E-001 -4.263E-001 -4.263E+000 +8.993E-007 +7.134E-007 +9.861E-001 +7.936E-007 +6.452E-007
 -3.820E+001 -1.820E+001 -1.000E+000 +1.346E+005 +1.476E-006 -1.393E+000 -9.555E-001 -4.276E-001 -4.276E+000 +9.202E-007 +7.265E-007 +9.862E-001 +7.914E-007 +6.438E-007
 -3.840E+001 -1.840E+001 -1.000E+000 +1.351E+005 +1.481E-006 -1.399E+000 -9.605E-001 -4.290E-001 -4.290E+000 +9.461E-007 +7.425E-007 +9.863E-001 +7.893E-007 +6.424E-007
 -3.860E+001 -1.860E+001 -1.000E+000 +1.355E+005 +1.485E-006 -1.406E+000 -9.655E-001 -4.304E-001 -4.304E+000 +9.781E-007 +7.621E-007 +9.863E-001 +7.872E-007 +6.410E-007
 -3.880E+001 -1.880E+001 -1.000E+000 +1.360E+005 +1.490E-006 -1.412E+000 -9.705E-001 -4.318E-001 -4.318E+000 +1.017E-006 +7.858E-007 +9.864E-001 +7.852E-007 +6.397E-007
 -3.900E+001 -1.900E+001 -1.000E+000 +1.364E+005 +1.496E-006 -1.419E+000 -9.755E-001 -4.333E-001 -4.333E+000 +1.066E-006 +8.144E-007 +9.865E-001 +7.831E-007 +6.383E-007
 -3.920E+001 -1.920E+001 -1.000E+000 +1.369E+005 +1.501E-006 -1.425E+000 -9.805E-001 -4.349E-001 -4.349E+000 +1.125E-006 +8.486E-007 +9.866E-001 +7.811E-007 +6.369E-007
 -3.940E+001 -1.940E+001 -1.000E+000 +1.375E+005 +1.507E-006 -1.432E+000 -9.855E-001 -4.366E-001 -4.366E+000 +1.198E-006 +8.892E-007 +9.867E-001 +7.791E-007 +6.356E-007
 -3.960E+001 -1.960E+001 -1.000E+000 +1.380E+005 +1.513E-006 -1.439E+000 -9.905E-001 -4.384E-001 -4.384E+000 +1.287E-006 +9.372E-007 +9.867E-001 +7.771E-007 +6.343E-007
 -3.980E+001 -1.980E+001 -1.000E+000 +1.386E+005 +1.520E-006 -1.446E+000 -9.955E-001 -4.403E-001 -4.403E+000 +1.395E-006 +9.933E-007 +9.868E-001 +7.751E-007 +6.330E-007
 -4.000E+001 -2.000E+001 -1.000E+000 +1.393E+005 +1.527E-006 -1.453E+000 -1.001E+000 -4.425E-001 -4.425E+000 +1.526E-006 +1.058E-006 +9.869E-001 +7.732E-007 +6.317E-007
 -4.020E+001 -2.020E+001 -1.000E+000 +1.400E+005 +1.535E-006 -1.460E+000 -1.006E+000 -4.448E-001 -4.448E+000 +1.686E-006 +1.133E-006 +9.870E-001 +7.713E-007 +6.304E-007
 -4.040E+001 -2.040E+001 -1.000E+000 +1.409E+005 +1.544E-006 -1.468E+000 -1.011E+000 -4.474E-001 -4.474E+000 +1.881E-006 +1.217E-006 +9.871E-001 +7.694E-007 +6.291E-007
 -4.060E+001 -2.060E+001 -1.000E+000 +1.418E+005 +1.554E-006 -1.476E+000 -1.016E+000 -4.503E-001 -4.503E+000 +2.116E-006 +1.312E-006 +9.872E-001 +7.675E-007 +6.279E-007
 -4.080E+001 -2.080E+001 -1.000E+000 +1.428E+005 +1.565E-006 -1.484E+000 -1.021E+000 -4.535E-001 -4.535E+000 +2.402E-006 +1.416E-006 +9.873E-001 +7.657E-007 +6.267E-007
 -4.100E+001 -2.100E+001 -1.000E+000 +1.440E+005 +1.578E-006 -1.493E+000 -1.026E+000 -4.572E-001 -4.572E+000 +2.746E-006 +1.529E-006 +9.874E-001 +7.639E-007 +6.254E-007
 -4.120E+001 -2.120E+001 -1.000E+000 +1.453E+005 +1.593E-006 -1.502E+000 -1.031E+000 -4.615E-001 -4.615E+000 +3.161E-006 +1.650E-006 +9.875E-001 +7.621E-007 +6.243E-007
 -4.140E+001 -2.140E+001 -1.000E+000 +1.469E+005 +1.610E-006 -1.512E+000 -1.036E+000 -4.664E-001 -4.664E+000 +3.660E-006 +1.776E-006 +9.876E-001 +7.604E-007 +6.231E-007
 -4.160E+001 -2.160E+001 -1.000E+000 +1.487E+005 +1.630E-006 -1.522E+000 -1.041E+000 -4.722E-001 -4.722E+000 +4.257E-006 +1.906E-006 +9.877E-001 +7.587E-007 +6.220E-007
 -4.180E+001 -2.180E+001 -1.000E+000 +1.508E+005 +1.653E-006 -1.534E+000 -1.046E+000 -4.788E-001 -4.788E+000 +4.971E-006 +2.037E-006 +9.878E-001 +7.571E-007 +6.209E-007
 -4.200E+001 -2.200E+001 -1.000E+000 +1.532E+005 +1.680E-006 -1.547E+000 -1.051E+000 -4.866E-001 -4.866E+000 +5.821E-006 +2.167E-006 +9.880E-001 +7.555E-007 +6.198E-007
 -4.220E+001 -2.220E+001 -1.000E+000 +1.561E+005 +1.711E-006 -1.561E+000 -1.056E+000 -4.958E-001 -4.958E+000 +6.828E-006 +2.293E-006 +9.881E-001 +7.540E-007 +6.188E-007
 -4.240E+001 -2.240E+001 -1.000E+000 +1.595E+005 +1.748E-006 -1.577E+000 -1.061E+000 -5.065E-001 -5.065E+000 +8.015E-006 +2.413E-006 +9.883E-001 +7.525E-007 +6.178E-007
 -4.260E+001 -2.260E+001 -1.000E+000 +1.634E+005 +1.792E-006 -1.594E+000 -1.066E+000 -5.191E-001 -5.191E+000 +9.408E-006 +2.525E-006 +9.885E-001 +7.511E-007 +6.169E-007
 -4.280E+001 -2.280E+001 -1.000E+000 +1.681E+005 +1.843E-006 -1.614E+000 -1.071E+000 -5.339E-001 -5.339E+000 +1.103E-005 +2.629E-006 +9.887E-001 +7.498E-007 +6.160E-007
 -4.300E+001 -2.300E+001 -1.000E+000 +1.736E+005 +1.903E-006 -1.637E+000 -1.076E+000 -5.512E-001 -5.512E+000 +1.292E-005 +2.724E-006 +9.889E-001 +7.486E-007 +6.152E-007
 -4.320E+001 -2.320E+001 -1.000E+000 +1.799E+005 +1.972E-006 -1.662E+000 -1.081E+000 -5.715E-001 -5.715E+000 +1.509E-005 +2.809E-006 +9.892E-001 +7.475E-007 +6.144E-007
 -4.340E+001 -2.340E+001 -1.000E+000 +1.874E+005 +2.054E-006 -1.690E+000 -1.086E+000 -5.951E-001 -5.951E+000 +1.757E-005 +2.885E-006 +9.895E-001 +7.464E-007 +6.137E-007
 -4.360E+001 -2.360E+001 -1.000E+000 +1.960E+005 +2.149E-006 -1.723E+000 -1.091E+000 -6.226E-001 -6.226E+000 +2.039E-005 +2.952E-006 +9.898E-001 +7.455E-007 +6.131E-007
 -4.380E+001 -2.380E+001 -1.000E+000 +2.060E+005 +2.259E-006 -1.760E+000 -1.096E+000 -6.544E-001 -6.544E+000 +2.358E-005 +3.011E-006 +9.901E-001 +7.447E-007 +6.125E-007
 -4.400E+001 -2.400E+001 -1.000E+000 +2.176E+005 +2.385E-006 -1.801E+000 -1.101E+000 -6.911E-001 -6.911E+000 +2.716E-005 +3.062E-006 +9.904E-001 +7.440E-007 +6.120E-007
 -4.420E+001 -2.420E+001 -1.000E+000 +2.309E+005 +2.531E-006 -1.849E+000 -1.106E+000 -7.333E-001 -7.333E+000 +3.117E-005 +3.107E-006 +9.908E-001 +7.433E-007 +6.116E-007
 -4.440E+001 -2.440E+001 -1.000E+000 +2.461E+005 +2.698E-006 -1.902E+000 -1.111E+000 -7.817E-001 -7.817E+000 +3.562E-005 +3.147E-006 +9.912E-001 +7.428E-007 +6.113E-007
 -4.460E+001 -2.460E+001 -1.000E+000 +2.635E+005 +2.888E-006 -1.962E+000 -1.116E+000 -8.368E-001 -8.368E+000 +4.055E-005 +3.181E-006 +9.916E-001 +7.424E-007 +6.110E-007
 -4.480E+001 -2.480E+001 -1.000E+000 +2.832E+005 +3.105E-006 -2.030E+000 -1.121E+000 -8.995E-001 -8.995E+000 +4.599E-005 +3.211E-006 +9.920E-001 +7.420E-007 +6.107E-007
 -4.500E+001 -2.500E+001 -1.000E+000 +3.055E+005 +3.349E-006 -2.106E+000 -1.126E+000 -9.704E-001 -9.704E+000 +5.199E-005 +3.237E-006 +9.924E-001 +7.418E-007 +6.106E-007
 -4.520E+001 -2.520E+001 -1.000E+000 +3.307E+005 +3.626E-006 -2.191E+000 -1.131E+000 -1.050E+000 -1.050E+001 +5.859E-005 +3.259E-006 +9.928E-001 +7.416E-007 +6.104E-007
 -4.540E+001 -2.540E+001 -1.000E+000 +3.591E+005 +3.937E-006 -2.286E+000 -1.136E+000 -1.141E+000 -1.141E+001 +6.584E-005 +3.280E-006 +9.932E-001 +7.415E-007 +6.104E-007
 -4.560E+001 -2.560E+001 -1.000E+000 +3.909E+005 +4.286E-006 -2.392E+000 -1.141E+000 -1.242E+000 -1.242E+001 +7.381E-005 +3.297E-006 +9.936E-001 +7.414E-007 +6.103E-007
 -4.580E+001 -2.580E+001 -1.000E+000 +4.266E+005 +4.676E-006 -2.510E+000 -1.146E+000 -1.355E+000 -1.355E+001 +8.257E-005 +3.313E-006 +9.940E-001 +7.414E-007 +6.103E-007
 -4.600E+001 -2.600E+001 -1.000E+000 +4.664E+005 +5.113E-006 -2.642E+000 -1.151E+000 -1.481E+000 -1.481E+001 +9.218E-005 +3.327E-006 +9.944E-001 +7.414E-007 +6.103E-007
 -4.620E+001 -2.620E+001 -1.000E+000 +5.109E+005 +5.600E-006 -2.788E+000 -1.156E+000 -1.623E+000 -1.623E+001 +1.028E-004 +3.339E-006 +9.948E-001 +7.415E-007 +6.103E-007
 -4.640E+001 -2.640E+001 -1.000E+000 +5.604E+005 +6.143E-006 -2.950E+000 -1.161E+000 -1.780E+000 -1.780E+001 +1.144E-004 +3.350E-006 +9.952E-001 +7.415E-007 +6.104E-007
 -4.660E+001 -2.660E+001 -1.000E+000 +6.154E+005 +6.747E-006 -3.130E+000 -1.166E+000 -1.955E+000 -1.955E+001 +1.272E-004 +3.360E-006 +9.955E-001 +7.416E-007 +6.105E-007
 -4.680E+001 -2.680E+001 -1.000E+000 +6.766E+005 +7.417E-006 -3.329E+000 -1.171E+000 -2.149E+000 -2.149E+001 +1.412E-004 +3.369E-006 +9.959E-001 +7.417E-007 +6.105E-007
 -4.700E+001 -2.700E+001 -1.000E+000 +7.446E+005 +8.162E-006 -3.550E+000 -1.176E+000 -2.365E+000 -2.365E+001 +1.567E-004 +3.377E-006 +9.962E-001 +7.419E-007 +6.106E-007
 -4.720E+001 -2.720E+001 -1.000E+000 +8.199E+005 +8.988E-006 -3.794E+000 -1.181E+000 -2.604E+000 -2.604E+001 +1.738E-004 +3.384E-006 +9.965E-001 +7.420E-007 +6.107E-007
 -4.740E+001 -2.740E+001 -1.000E+000 +9.035E+005 +9.904E-006 -4.065E+000 -1.186E+000 -2.869E+000 -2.869E+001 +1.926E-004 +3.391E-006 +9.968E-001 +7.421E-007 +6.108E-007
 -4.760E+001 -2.760E+001 -1.000E+000 +9.960E+005 +1.092E-005 -4.364E+000 -1.191E+000 -3.163E+000 -3.163E+001 +2.134E-004 +3.397E-006 +9.970E-001 +7.422E-007 +6.109E-007
 -4.780E+001 -2.780E+001 -1.000E+000 +1.099E+006 +1.204E-005 -4.694E+000 -1.196E+000 -3.489E+000 -3.489E+001 +2.363E-004 +3.402E-006 +9.973E-001 +7.424E-007 +6.110E-007
 -4.800E+001 -2.800E+001 -1.000E+000 +1.212E+006 +1.329E-005 -5.060E+000 -1.201E+000 -3.850E+000 -3.850E+001 +2.616E-004 +3.407E-006 +9.975E-001 +7.425E-007 +6.110E-007
 -4.820E+001 -2.820E+001 -1.000E+000 +1.338E+006 +1.466E-005 -5.464E+000 -1.206E+000 -4.249E+000 -4.249E+001 +2.895E-004 +3.411E-006 +9.977E-001 +7.426E-007 +6.111E-007
 -4.840E+001 -2.840E+001 -1.000E+000 +1.477E+006 +1.619E-005 -5.910E+000 -1.211E+000 -4.690E+000 -4.690E+001 +3.202E-004 +3.415E-006 +9.979E-001 +7.427E-007 +6.112E-007
 -4.860E+001 -2.860E+001 -1.000E+000 +1.630E+006 +1.787E-005 -6.404E+000 -1.216E+000 -5.178E+000 -5.178E+001 +3.542E-004 +3.418E-006 +9.981E-001 +7.428E-007 +6.113E-007
 -4.880E+001 -2.880E+001 -1.000E+000 +1.801E+006 +1.974E-005 -6.949E+000 -1.221E+000 -5.719E+000 -5.719E+001 +3.918E-004 +3.421E-006 +9.983E-001 +7.429E-007 +6.113E-007
 -4.900E+001 -2.900E+001 -1.000E+000 +1.989E+006 +2.180E-005 -7.551E+000 -1.226E+000 -6.316E+000 -6.316E+001 +4.333E-004 +3.424E-006 +9.984E-001 +7.430E-007 +6.114E-007
 -4.920E+001 -2.920E+001 -1.000E+000 +2.197E+006 +2.408E-005 -8.217E+000 -1.231E+000 -6.977E+000 -6.977E+001 +4.791E-004 +3.427E-006 +9.985E-001 +7.431E-007 +6.115E-007
 -4.940E+001 -2.940E+001 -1.000E+000 +2.427E+006 +2.660E-005 -8.952E+000 -1.236E+000 -7.707E+000 -7.707E+001 +5.297E-004 +3.429E-006 +9.987E-001 +7.432E-007 +6.115E-007
 -4.960E+001 -2.960E+001 -1.000E+000 +2.681E+006 +2.939E-005 -9.765E+000 -1.241E+000 -8.515E+000 -8.515E+001 +5.856E-004 +3.431E-006 +9.988E-001 +7.433E-007 +6.116E-007
 -4.980E+001 -2.980E+001 -1.000E+000 +2.962E+006 +3.247E-005 -1.066E+001 -1.246E+000 -9.407E+000 -9.407E+001 +6.473E-004 +3.433E-006 +9.989E-001 +7.433E-007 +6.116E-007
 -5.000E+001 -3.000E+001 -1.000E+000 +3.273E+006 +3.588E-005 -1.165E+001 -1.251E+000 -1.039E+001 -1.039E+002 +7.156E-004 +3.435E-006 +9.990E-001 +7.434E-007 +6.117E-007
 -5.020E+001 -3.020E+001 -1.000E+000 +3.616E+006 +3.964E-005 -1.275E+001 -1.256E+000 -1.149E+001 -1.149E+002 +7.910E-004 +3.437E-006 +9.991E-001 +7.435E-007 +6.117E-007
 -5.040E+001 -3.040E+001 -1.000E+000 +3.996E+006 +4.380E-005 -1.396E+001 -1.261E+000 -1.269E+001 -1.269E+002 +8.743E-004 +3.438E-006 +9.992E-001 +7.435E-007 +6.117E-007
 -5.060E+001 -3.060E+001 -1.000E+000 +4.415E+006 +4.840E-005 -1.530E+001 -1.266E+000 -1.402E+001 -1.402E+002 +9.664E-004 +3.439E-006 +9.993E-001 +7.436E-007 +6.118E-007
 -5.080E+001 -3.080E+001 -1.000E+000 +4.879E+006 +5.349E-005 -1.678E+001 -1.271E+000 -1.550E+001 -1.550E+002 +1.068E-003 +3.440E-006 +9.993E-001 +7.436E-007 +6.118E-007
 -5.100E+001 -3.100E+001 -1.000E+000 +5.392E+006 +5.911E-005 -1.841E+001 -1.276E+000 -1.713E+001 -1.713E+002 +1.181E-003 +3.441E-006 +9.994E-001 +7.437E-007 +6.118E-007
 -5.120E+001 -3.120E+001 -1.000E+000 +5.959E+006 +6.532E-005 -2.022E+001 -1.281E+000 -1.892E+001 -1.892E+002 +1.305E-003 +3.442E-006 +9.994E-001 +7.437E-007 +6.119E-007
 -5.140E+001 -3.140E+001 -1.000E+000 +6.585E+006 +7.218E-005 -2.221E+001 -1.286E+000 -2.091E+001 -2.091E+002 +1.442E-003 +3.443E-006 +9.995E-001 +7.437E-007 +6.119E-007
 -5.160E+001 -3.160E+001 -1.000E+000 +7.277E+006 +7.977E-005 -2.441E+001 -1.291E+000 -2.311E+001 -2.311E+002 +1.594E-003 +3.444E-006 +9.995E-001 +7.438E-007 +6.119E-007
 -5.180E+001 -3.180E+001 -1.000E+000 +8.042E+006 +8.816E-005 -2.685E+001 -1.296E+000 -2.554E+001 -2.554E+002 +1.762E-003 +3.445E-006 +9.996E-001 +7.438E-007 +6.119E-007
 -5.200E+001 -3.200E+001 -1.000E+000 +8.887E+006 +9.743E-005 -2.954E+001 -1.301E+000 -2.823E+001 -2.823E+002 +1.947E-003 +3.445E-006 +9.996E-001 +7.438E-007 +6.120E-007
 -5.220E+001 -3.220E+001 -1.000E+000 +9.822E+006 +1.077E-004 -3.251E+001 -1.306E+000 -3.120E+001 -3.120E+002 +2.152E-003 +3.446E-006 +9.997E-001 +7.439E-007 +6.120E-007
 -5.240E+001 -3.240E+001 -1.000E+000 +1.085E+007 +1.190E-004 -3.580E+001 -1.311E+000 -3.448E+001 -3.448E+002 +2.378E-003 +3.446E-006 +9.997E-001 +7.439E-007 +6.120E-007
 -5.260E+001 -3.260E+001 -1.000E+000 +1.200E+007 +1.315E-004 -3.943E+001 -1.316E+000 -3.810E+001 -3.810E+002 +2.628E-003 +3.447E-006 +9.997E-001 +7.439E-007 +6.120E-007
 -5.280E+001 -3.280E+001 -1.000E+000 +1.326E+007 +1.453E-004 -4.344E+001 -1.321E+000 -4.211E+001 -4.211E+002 +2.905E-003 +3.447E-006 +9.997E-001 +7.439E-007 +6.120E-007
 -5.300E+001 -3.300E+001 -1.000E+000 +1.465E+007 +1.606E-004 -4.787E+001 -1.326E+000 -4.653E+001 -4.653E+002 +3.210E-003 +3.448E-006 +9.998E-001 +7.439E-007 +6.120E-007
 -5.320E+001 -3.320E+001 -1.000E+000 +1.619E+007 +1.775E-004 -5.277E+001 -1.331E+000 -5.143E+001 -5.143E+002 +3.548E-003 +3.448E-006 +9.998E-001 +7.440E-007 +6.120E-007
 -5.340E+001 -3.340E+001 -1.000E+000 +1.790E+007 +1.962E-004 -5.818E+001 -1.336E+000 -5.684E+001 -5.684E+002 +3.921E-003 +3.448E-006 +9.998E-001 +7.440E-007 +6.120E-007
 -5.360E+001 -3.360E+001 -1.000E+000 +1.978E+007 +2.168E-004 -6.416E+001 -1.341E+000 -6.281E+001 -6.281E+002 +4.334E-003 +3.449E-006 +9.998E-001 +7.440E-007 +6.121E-007
 -5.380E+001 -3.380E+001 -1.000E+000 +2.186E+007 +2.396E-004 -7.077E+001 -1.346E+000 -6.942E+001 -6.942E+002 +4.789E-003 +3.449E-006 +9.998E-001 +7.440E-007 +6.121E-007
 -5.400E+001 -3.400E+001 -1.000E+000 +2.416E+007 +2.648E-004 -7.808E+001 -1.351E+000 -7.672E+001 -7.672E+002 +5.293E-003 +3.449E-006 +9.999E-001 +7.440E-007 +6.121E-007
 -5.420E+001 -3.420E+001 -1.000E+000 +2.670E+007 +2.926E-004 -8.615E+001 -1.356E+000 -8.479E+001 -8.479E+002 +5.850E-003 +3.449E-006 +9.999E-001 +7.440E-007 +6.121E-007
 -5.440E+001 -3.440E+001 -1.000E+000 +2.950E+007 +3.234E-004 -9.508E+001 -1.361E+000 -9.370E+001 -9.370E+002 +6.465E-003 +3.450E-006 +9.999E-001 +7.440E-007 +6.121E-007
 -5.460E+001 -3.460E+001 -1.000E+000 +3.261E+007 +3.574E-004 -1.049E+002 -1.366E+000 -1.036E+002 -1.036E+003 +7.145E-003 +3.450E-006 +9.999E-001 +7.440E-007 +6.121E-007
 -5.480E+001 -3.480E+001 -1.000E+000 +3.604E+007 +3.950E-004 -1.158E+002 -1.371E+000 -1.145E+002 -1.145E+003 +7.896E-003 +3.450E-006 +9.999E-001 +7.440E-007 +6.121E-007
 -5.500E+001 -3.500E+001 -1.000E+000 +3.982E+007 +4.366E-004 -1.279E+002 -1.376E+000 -1.265E+002 -1.265E+003 +8.727E-003 +3.450E-006 +9.999E-001 +7.441E-007 +6.121E-007
 -5.520E+001 -3.520E+001 -1.000E+000 +4.401E+007 +4.825E-004 -1.412E+002 -1.381E+000 -1.398E+002 -1.398E+003 +9.645E-003 +3.450E-006 +9.999E-001 +7.441E-007 +6.121E-007
 -5.540E+001 -3.540E+001 -1.000E+000 +4.864E+007 +5.332E-004 -1.559E+002 -1.386E+000 -1.545E+002 -1.545E+003 +1.066E-002 +3.450E-006 +9.999E-001 +7.441E-007 +6.121E-007
 -5.560E+001 -3.560E+001 -1.000E+000 +5.376E+007 +5.893E-004 -1.721E+002 -1.391E+000 -1.707E+002 -1.707E+003 +1.178E-002 +3.450E-006 +9.999E-001 +7.441E-007 +6.121E-007
 -5.580E+001 -3.580E+001 -1.000E+000 +5.941E+007 +6.513E-004 -1.901E+002 -1.396E+000 -1.887E+002 -1.887E+003 +1.302E-002 +3.451E-006 +9.999E-001 +7.441E-007 +6.121E-007
 -5.600E+001 -3.600E+001 -1.000E+000 +6.566E+007 +7.198E-004 -2.100E+002 -1.401E+000 -2.085E+002 -2.085E+003 +1.439E-002 +3.451E-006 +9.999E-001 +7.441E-007 +6.121E-007
 -5.620E+001 -3.620E+001 -1.000E+000 +7.257E+007 +7.955E-004 -2.319E+002 -1.406E+000 -2.305E+002 -2.305E+003 +1.590E-002 +3.451E-006 +1.000E+000 +7.441E-007 +6.121E-007
 -5.640E+001 -3.640E+001 -1.000E+000 +8.020E+007 +8.791E-004 -2.561E+002 -1.411E+000 -2.547E+002 -2.547E+003 +1.757E-002 +3.451E-006 +1.000E+000 +7.441E-007 +6.121E-007
 -5.660E+001 -3.660E+001 -1.000E+000 +8.863E+007 +9.716E-004 -2.829E+002 -1.416E+000 -2.815E+002 -2.815E+003 +1.942E-002 +3.451E-006 +1.000E+000 +7.441E-007 +6.121E-007
 -5.680E+001 -3.680E+001 -1.000E+000 +9.795E+007 +1.074E-003 -3.125E+002 -1.421E+000 -3.111E+002 -3.111E+003 +2.146E-002 +3.451E-006 +1.000E+000 +7.441E-007 +6.121E-007
 -5.700E+001 -3.700E+001 -1.000E+000 +1.083E+008 +1.187E-003 -3.453E+002 -1.426E+000 -3.438E+002 -3.438E+003 +2.372E-002 +3.451E-006 +1.000E+000 +7.441E-007 +6.121E-007
 -5.720E+001 -3.720E+001 -1.000E+000 +1.196E+008 +1.312E-003 -3.814E+002 -1.431E+000 -3.800E+002 -3.800E+003 +2.622E-002 +3.451E-006 +1.000E+000 +7.441E-007 +6.121E-007
 -5.740E+001 -3.740E+001 -1.000E+000 +1.322E+008 +1.449E-003 -4.214E+002 -1.436E+000 -4.200E+002 -4.200E+003 +2.897E-002 +3.451E-006 +1.000E+000 +7.441E-007 +6.121E-007
 -5.760E+001 -3.760E+001 -1.000E+000 +1.461E+008 +1.602E-003 -4.656E+002 -1.441E+000 -4.641E+002 -4.641E+003 +3.202E-002 +3.451E-006 +1.000E+000 +7.441E-007 +6.121E-007
 -5.780E+001 -3.780E+001 -1.000E+000 +1.615E+008 +1.770E-003 -5.144E+002 -1.446E+000 -5.129E+002 -5.129E+003 +3.539E-002 +3.451E-006 +1.000E+000 +7.441E-007 +6.121E-007
 -5.800E+001 -3.800E+001 -1.000E+000 +1.785E+008 +1.957E-003 -5.683E+002 -1.451E+000 -5.669E+002 -5.669E+003 +3.911E-002 +3.451E-006 +1.000E+000 +7.441E-007 +6.121E-007
 -5.820E+001 -3.820E+001 -1.000E+000 +1.973E+008 +2.162E-003 -6.280E+002 -1.456E+000 -6.265E+002 -6.265E+003 +4.323E-002 +3.451E-006 +1.000E+000 +7.441E-007 +6.121E-007
 -5.840E+001 -3.840E+001 -1.000E+000 +2.180E+008 +2.390E-003 -6.939E+002 -1.461E+000 -6.924E+002 -6.924E+003 +4.777E-002 +3.451E-006 +1.000E+000 +7.441E-007 +6.121E-007
 -5.860E+001 -3.860E+001 -1.000E+000 +2.409E+008 +2.641E-003 -7.667E+002 -1.466E+000 -7.652E+002 -7.652E+003 +5.280E-002 +3.451E-006 +1.000E+000 +7.441E-007 +6.121E-007
 -5.880E+001 -3.880E+001 -1.000E+000 +2.663E+008 +2.919E-003 -8.472E+002 -1.471E+000 -8.457E+002 -8.457E+003 +5.835E-002 +3.451E-006 +1.000E+000 +7.441E-007 +6.121E-007
 -5.900E+001 -3.900E+001 -1.000E+000 +2.943E+008 +3.226E-003 -9.361E+002 -1.476E+000 -9.346E+002 -9.346E+003 +6.448E-002 +3.451E-006 +1.000E+000 +7.441E-007 +6.121E-007
 -5.920E+001 -3.920E+001 -1.000E+000 +3.252E+008 +3.565E-003 -1.034E+003 -1.481E+000 -1.033E+003 -1.033E+004 +7.127E-002 +3.451E-006 +1.000E+000 +7.441E-007 +6.121E-007
 -5.940E+001 -3.940E+001 -1.000E+000 +3.594E+008 +3.940E-003 -1.143E+003 -1.486E+000 -1.142E+003 -1.142E+004 +7.876E-002 +3.451E-006 +1.000E+000 +7.441E-007 +6.121E-007
 -5.960E+001 -3.960E+001 -1.000E+000 +3.972E+008 +4.354E-003 -1.263E+003 -1.491E+000 -1.262E+003 -1.262E+004 +8.704E-002 +3.451E-006 +1.000E+000 +7.441E-007 +6.121E-007
 -5.980E+001 -3.980E+001 -1.000E+000 +4.390E+008 +4.812E-003 -1.396E+003 -1.496E+000 -1.394E+003 -1.394E+004 +9.620E-002 +3.451E-006 +1.000E+000 +7.441E-007 +6.121E-007
 -6.000E+001 -4.000E+001 -1.000E+000 +4.852E+008 +5.318E-003 -1.542E+003 -1.501E+000 -1.541E+003 -1.541E+004 +1.063E-001 +3.451E-006 +0.000E+000 +1.063E-001 +3.451E-006
