30,30 
31,30 
32,30 
28,31 
29,31 
30,31 
31,31 
32,31 
33,31 
34,31 
35,31 
26,32 
27,32 
28,32 
29,32 
30,32 
31,32 
32,32 
33,32 
34,32 
35,32 
36,32 
25,33 
26,33 
27,33 
28,33 
29,33 
30,33 
31,33 
32,33 
33,33 
34,33 
35,33 
36,33 
37,33 
25,34 
26,34 
27,34 
28,34 
29,34 
30,34 
31,34 
32,34 
33,34 
34,34 
35,34 
36,34 
37,34 
38,34 
24,35 
25,35 
26,35 
27,35 
28,35 
29,35 
30,35 
31,35 
32,35 
33,35 
34,35 
35,35 
36,35 
37,35 
38,35 
24,36 
25,36 
26,36 
27,36 
28,36 
29,36 
30,36 
31,36 
32,36 
33,36 
34,36 
35,36 
36,36 
37,36 
38,36 
24,37 
25,37 
26,37 
27,37 
28,37 
29,37 
30,37 
31,37 
32,37 
33,37 
34,37 
35,37 
36,37 
37,37 
38,37 
39,37 
24,38 
25,38 
26,38 
27,38 
28,38 
29,38 
30,38 
31,38 
32,38 
33,38 
34,38 
35,38 
36,38 
37,38 
38,38 
24,39 
25,39 
26,39 
27,39 
28,39 
29,39 
30,39 
31,39 
32,39 
33,39 
34,39 
35,39 
36,39 
37,39 
38,39 
25,40 
26,40 
27,40 
28,40 
29,40 
30,40 
31,40 
32,40 
33,40 
34,40 
35,40 
36,40 
37,40 
38,40 
25,41 
26,41 
27,41 
28,41 
29,41 
30,41 
31,41 
32,41 
33,41 
34,41 
35,41 
36,41 
37,41 
26,42 
27,42 
28,42 
29,42 
30,42 
31,42 
32,42 
33,42 
34,42 
35,42 
36,42 
28,43 
29,43 
30,43 
31,43 
32,43 
33,43 
34,43 
35,43 
30,44 
31,44 
32,44 
